$ 1 0.000005 10.20027730826997 50 5 50 5e-11
s 224 208 272 208 0 1 false
s 224 304 272 304 0 1 false
R 224 208 208 208 0 0 40 5 0 0 0.5
R 224 304 208 304 0 0 40 5 0 0 0.5
w 272 208 656 208 0
w 272 304 592 304 0
w 656 208 864 208 0
w 592 304 784 304 0
t 592 400 592 432 0 1 0.09406923410245442 0.1670718120194377 100 default
t 656 400 656 432 0 1 -0.41468823423344875 0.16330903270082037 100 default
r 592 400 592 368 0 1000
r 656 400 656 368 0 1000
w 592 368 592 304 0
w 656 368 656 208 0
t 752 400 752 432 0 1 0.6330715914750595 0.6509998448512524 100 default
t 848 368 848 400 0 1 -4.651915629373722 0.149143567505078 100 default
t 896 400 896 432 0 1 -4.582675839560911 0.2183833573178899 100 default
162 1040 400 992 400 2 default-led 1 0 0 0.01
r 848 368 848 336 0 1000
r 896 400 896 368 0 1000
w 784 304 848 304 0
w 848 304 848 336 0
w 864 208 896 208 0
w 896 208 912 208 0
w 896 208 896 368 0
w 832 400 768 432 0
w 880 432 768 432 0
g 736 432 736 464 0 0
g 576 432 576 464 0 0
w 608 432 640 432 0
R 704 368 704 352 0 0 40 5 0 0 0.5
r 704 368 704 400 0 1000
w 704 400 752 400 0
w 704 400 672 432 0
w 864 400 992 400 0
w 912 432 992 400 0
R 1040 400 1056 400 0 0 40 5 0 0 0.5
