$ 1 0.000005 2.008553692318767 38 5 50 5e-11
s 128 144 176 144 0 0 false
s 224 144 272 144 0 1 false
s 320 144 368 144 0 1 false
s 416 144 464 144 0 1 false
s 128 352 176 352 0 1 false
s 224 352 272 352 0 1 false
s 320 352 368 352 0 1 false
s 416 352 464 352 0 1 false
R 128 144 112 144 0 0 40 5 0 0 0.5
R 224 144 208 144 0 0 40 5 0 0 0.5
R 320 144 304 144 0 0 40 5 0 0 0.5
R 416 144 400 144 0 0 40 5 0 0 0.5
R 128 352 112 352 0 0 40 5 0 0 0.5
R 224 352 208 352 0 0 40 5 0 0 0.5
R 320 352 304 352 0 0 40 5 0 0 0.5
R 416 352 400 352 0 0 40 5 0 0 0.5
w 176 352 176 272 0
w 176 144 176 224 0
w 272 352 272 288 0
w 368 352 368 304 0
w 464 352 464 320 0
w 272 144 272 208 0
w 368 144 368 192 0
w 464 144 464 176 0
w 176 224 464 224 0
w 272 208 464 208 0
w 368 192 464 192 0
w 176 272 464 272 0
w 272 288 464 288 0
w 368 304 464 304 0
t 544 368 544 384 0 1 -4.774102694795053 0.16814337081479988 100 default
t 592 368 592 384 0 1 -4.8410367850476845 0.13390272088652452 100 default
t 640 368 640 384 0 1 -4.814866509342549 0.14926388872194835 100 default
t 688 368 688 384 0 1 -4.814872764439746 0.14926390406061305 100 default
162 560 432 560 416 2 default-led 1 0 0 0.01
162 608 432 608 416 2 default-led 1 0 0 0.01
162 656 432 656 416 2 default-led 1 0 0 0.01
162 704 432 704 416 2 default-led 1 0 0 0.01
R 560 432 560 448 0 0 40 5 0 0 0.5
R 608 432 608 448 0 0 40 5 0 0 0.5
R 656 432 656 448 0 0 40 5 0 0 0.5
R 704 432 704 448 0 0 40 5 0 0 0.5
w 560 416 560 384 0
w 608 416 608 384 0
w 656 416 656 384 0
w 704 416 704 384 0
g 528 384 528 400 0 0
g 576 384 576 400 0 0
g 624 384 624 400 0 0
g 672 384 672 400 0 0
r 544 368 544 352 0 1000
r 592 368 592 352 0 1000
r 640 368 640 352 0 1000
r 688 368 688 352 0 1000
w 464 320 688 320 0
w 688 320 688 352 0
w 464 304 640 304 0
w 640 304 640 352 0
w 464 288 592 288 0
w 592 288 592 352 0
w 464 272 544 272 0
w 544 272 544 352 0
t 544 112 544 96 0 1 -2.084423139526532 0.7520882089532283 100 default
t 592 112 592 96 0 1 -4.841007783663387 0.13392240036613617 100 default
t 640 112 640 96 0 1 -4.625982308447805 0.21374063862278334 100 default
t 688 112 688 96 0 1 -4.625981894211591 0.21374063519901604 100 default
r 544 112 544 128 0 1000
r 592 112 592 128 0 1000
r 640 112 640 128 0 1000
r 688 112 688 128 0 1000
g 528 96 528 80 0 0
g 576 96 576 80 0 0
g 624 96 624 80 0 0
g 672 96 672 80 0 0
162 704 48 704 64 2 default-led 1 0 0 0.01
162 656 48 656 64 2 default-led 1 0 0 0.01
162 608 48 608 64 2 default-led 1 0 0 0.01
162 560 48 560 64 2 default-led 1 0 0 0.01
R 560 48 560 32 0 0 40 5 0 0 0.5
R 608 48 608 32 0 0 40 5 0 0 0.5
R 656 48 656 32 0 0 40 5 0 0 0.5
R 704 48 704 32 0 0 40 5 0 0 0.5
w 560 64 560 96 0
w 608 64 608 96 0
w 656 64 656 96 0
w 704 64 704 96 0
w 464 176 688 176 0
w 688 176 688 128 0
w 464 192 640 192 0
w 640 192 640 128 0
w 464 208 592 208 0
w 592 208 592 128 0
w 464 224 544 224 0
w 544 128 544 224 0
t 864 432 864 448 0 1 0.08020719149436553 0.149263896943532 100 default
t 912 432 912 448 0 1 -0.4372592095169163 0.1446839291734898 100 default
t 992 432 992 448 0 1 0.6330715916653904 0.6509998441395726 100 default
t 1072 432 1072 448 0 1 -0.5133819925896117 0.1313356474455299 100 default
t 1136 432 1136 448 0 1 -0.4489052595469897 0.1958123804881519 100 default
w 880 448 896 448 0
w 1056 448 1008 448 0
w 1120 464 1008 464 0
w 1008 464 1008 448 0
w 1120 464 1120 448 0
w 1088 448 1104 448 0
w 1104 448 1104 400 0
w 1152 448 1168 448 0
w 1104 400 1168 400 0
g 848 448 848 464 0 0
g 976 448 976 464 0 0
w 1168 448 1168 400 0
r 960 384 960 400 0 1000
R 960 384 960 368 0 0 40 5 0 0 0.5
w 960 400 960 416 0
w 960 416 992 416 0
w 992 416 992 432 0
w 960 416 960 448 0
w 960 448 928 448 0
w 688 320 752 320 0
w 688 176 784 176 0
r 864 432 864 416 0 1000
r 912 432 912 416 0 1000
r 1072 432 1072 416 0 1000
r 1136 432 1136 416 0 1000
w 864 320 1072 320 0
w 864 320 864 416 0
w 1072 320 1168 320 0
w 1072 320 1072 416 0
w 1136 176 1168 176 0
w 1136 176 1136 416 0
w 912 176 1136 176 0
w 896 176 912 176 0
w 912 176 912 416 0
w 784 320 816 320 0
t 864 560 864 576 0 1 0.08019767729388544 0.14926389694435868 100 default
t 912 560 912 576 0 1 -0.4489052585671491 0.144674414983928 100 default
w 880 576 896 576 0
r 960 544 960 528 0 1000
R 960 528 960 512 0 0 40 5 0 0 0.5
w 960 544 960 560 0
w 960 576 928 576 0
g 848 576 848 592 0 0
r 1184 368 1184 384 0 1000
w 1168 400 1184 400 0
w 1184 400 1184 384 0
w 1184 400 1200 400 0
w 1200 400 1200 416 0
t 1200 416 1200 432 0 1 0.6327041433185085 0.6626458925093237 100 default
g 1184 432 1184 448 0 0
r 1248 368 1248 384 0 1000
w 1248 384 1248 400 0
w 1248 432 1216 432 0
R 1184 368 1184 352 0 0 40 5 0 0 0.5
R 1248 368 1248 352 0 0 40 5 0 0 0.5
t 1344 416 1344 432 0 1 -4.9598833491906 0.029941754248216698 100 default
w 1248 400 1248 432 0
w 1248 400 1344 400 0
g 1328 432 1328 448 0 0
162 1408 432 1392 432 2 default-led 1 0 0 0.01
w 1360 432 1392 432 0
R 1408 432 1424 432 0 0 40 5 0 0 0.5
r 864 560 864 544 0 1000
r 912 560 912 544 0 1000
t 1008 576 1008 592 0 1 0.6327041444275012 0.6626458932015503 100 default
w 960 560 960 576 0
w 960 560 1008 560 0
w 1008 560 1008 576 0
w 752 320 768 320 0
w 816 320 816 512 0
w 784 176 832 176 0
w 832 176 832 496 0
w 832 496 912 496 0
w 912 496 912 544 0
w 816 512 864 512 0
w 864 512 864 544 0
w 768 320 784 320 0
w 832 176 896 176 0
w 816 320 864 320 0
g 992 592 992 608 0 0
r 1056 528 1056 544 0 1000
R 1056 528 1056 512 0 0 40 5 0 0 0.5
w 1056 544 1056 560 0
w 1024 592 1056 592 0
t 1120 576 1120 592 0 1 -4.959883210736528 0.029941753831450542 100 default
w 1056 560 1056 592 0
g 1104 592 1104 608 0 0
162 1184 592 1168 592 2 default-led 1 0 0 0.01
w 1136 592 1168 592 0
R 1184 592 1200 592 0 0 40 5 0 0 0.5
w 640 192 800 192 0
w 800 192 800 656 0
w 640 304 784 304 0
w 784 304 784 688 0
w 800 656 816 656 0
w 784 688 800 688 0
w 1056 592 1056 640 0
w 1056 640 816 640 0
w 1056 640 1264 640 0
t 864 784 864 800 0 1 0.08020715984484486 0.14926388160487633 100 default
t 912 784 912 800 0 1 -0.437259206093149 0.14468391628639232 100 default
t 976 784 976 800 0 1 0.6330715916653906 0.6509998441395728 100 default
t 1040 784 1040 800 0 1 -0.5133820079111762 0.13133563210687138 100 default
t 1120 784 1120 800 0 1 -0.44890525610612847 0.19581238391191902 100 default
r 864 784 864 768 0 1000
r 912 784 912 768 0 1000
r 1040 784 1040 768 0 1000
r 1120 784 1120 768 0 1000
r 944 720 944 736 0 1000
R 944 720 944 704 0 0 40 5 0 0 0.5
w 896 800 880 800 0
w 992 800 1024 800 0
w 992 800 992 816 0
w 992 816 1104 816 0
w 1104 800 1104 816 0
w 1056 800 1088 800 0
w 1088 800 1088 736 0
w 1088 736 1152 736 0
w 1136 800 1152 800 0
w 1152 736 1152 800 0
w 944 736 944 752 0
w 944 800 928 800 0
w 944 752 944 800 0
w 944 752 976 752 0
w 976 752 976 784 0
g 848 800 848 816 0 0
g 960 800 960 816 0 0
w 864 688 1040 688 0
w 864 688 864 768 0
w 912 656 1120 656 0
w 912 656 912 768 0
w 1040 688 1248 688 0
w 1040 688 1040 768 0
w 1120 656 1248 656 0
w 1120 656 1120 768 0
r 1184 720 1184 704 0 1000
R 1184 704 1184 688 0 0 40 5 0 0 0.5
w 1184 720 1184 736 0
w 1184 736 1152 736 0
t 1216 768 1216 784 0 1 0.6327041433191577 0.6626458924922297 100 default
w 1184 736 1216 736 0
w 1216 736 1216 768 0
g 1200 784 1200 800 0 0
r 1264 704 1264 720 0 1000
w 1232 784 1248 784 0
w 1264 720 1264 736 0
w 1264 784 1248 784 0
R 1264 704 1264 688 0 0 40 5 0 0 0.5
w 1248 656 1488 656 0
w 1264 640 1344 640 0
w 1488 656 1504 656 0
w 800 688 864 688 0
w 800 688 800 864 0
w 816 656 912 656 0
w 816 656 816 864 0
w 800 864 800 880 0
t 832 912 832 928 0 1 0.08019764563870471 0.14926388160570306 100 default
t 896 912 896 928 0 1 -0.4489052551311006 0.14467440209117044 100 default
w 848 928 880 928 0
r 832 912 832 896 0 1000
r 896 912 896 896 0 1000
w 800 880 832 880 0
w 832 880 832 896 0
w 816 864 896 864 0
w 896 864 896 896 0
r 944 896 944 880 0 1000
R 944 880 944 864 0 0 40 5 0 0 0.5
g 816 928 816 944 0 0
r 1008 896 1008 880 0 1000
R 1008 880 976 864 0 0 40 5 0 0 0.5
t 976 928 976 944 0 1 0.632704144427968 0.6626458931892694 100 default
w 944 896 944 912 0
w 912 928 944 928 0
w 944 912 944 928 0
w 944 912 976 912 0
w 976 928 976 912 0
w 1008 896 1008 928 0
w 992 944 1008 944 0
g 960 944 960 960 0 0
t 1280 912 1280 928 0 1 -0.06814687320603796 0.029941749331563152 100 default
t 1344 912 1344 928 0 1 -0.6327041437818761 -0.06814687302923814 100 default
t 1424 912 1424 928 0 1 0.6327041445884449 0.6626458932902392 100 default
w 1296 928 1328 928 0
r 1280 912 1280 896 0 1000
r 1344 912 1344 896 0 1000
r 1392 880 1392 864 0 1000
R 1392 864 1392 848 0 0 40 5 0 0 0.5
r 1472 880 1472 864 0 1000
R 1472 864 1472 848 0 0 40 5 0 0 0.5
w 1392 880 1392 896 0
w 1392 928 1360 928 0
w 1392 896 1392 928 0
w 1392 896 1424 896 0
w 1424 896 1424 912 0
w 1472 880 1472 896 0
w 1440 928 1472 928 0
w 1264 784 1264 880 0
w 1264 880 1280 880 0
w 1280 880 1280 896 0
w 1344 640 1440 640 0
w 1344 640 1344 896 0
g 1264 928 1264 944 0 0
g 1408 928 1408 944 0 0
r 1120 576 1120 560 0 1000
w 1056 560 1120 560 0
t 1392 784 1392 800 0 1 -0.06515689358269537 0.029941749327694032 100 default
t 1440 784 1440 800 0 1 -0.6210580941745759 -0.06515689341371116 100 default
t 1520 784 1520 800 0 1 0.6330715918396281 0.6509998436712542 100 default
t 1584 784 1584 800 0 1 -0.6327041433961745 0.012013498073438766 100 default
t 1648 784 1648 800 0 1 -0.6327041437951975 0.01201349767441589 100 default
r 1392 784 1392 768 0 1000
r 1440 784 1440 768 0 1000
r 1584 784 1584 768 0 1000
r 1648 784 1648 768 0 1000
r 1488 752 1488 736 0 1000
r 1696 752 1696 736 0 1000
r 1760 752 1760 736 0 1000
R 1488 736 1488 720 0 0 40 5 0 0 0.5
R 1696 736 1696 720 0 0 40 5 0 0 0.5
R 1760 736 1760 720 0 0 40 5 0 0 0.5
w 1488 752 1488 768 0
w 1456 800 1488 800 0
w 1408 800 1424 800 0
w 1488 768 1488 800 0
w 1488 768 1520 768 0
w 1520 768 1520 784 0
w 1568 800 1536 800 0
w 1536 800 1536 816 0
w 1536 816 1632 816 0
w 1632 800 1632 816 0
w 1600 800 1616 800 0
w 1616 800 1616 752 0
w 1616 752 1696 752 0
w 1664 800 1696 800 0
w 1696 800 1696 768 0
g 1376 800 1376 816 0 0
g 1504 800 1504 816 0 0
t 1728 784 1728 800 0 1 0.6327041445771445 0.6626458933012394 100 default
g 1712 800 1712 816 0 0
w 1696 768 1696 752 0
w 1696 768 1728 768 0
w 1728 768 1728 784 0
w 1760 752 1760 768 0
w 1744 800 1760 800 0
w 1264 752 1264 784 0
w 1264 752 1312 752 0
w 1392 752 1392 768 0
w 1456 640 1504 640 0
w 1440 640 1456 640 0
w 1440 640 1440 688 0
w 1440 688 1440 768 0
w 1440 688 1648 688 0
w 1648 688 1648 768 0
w 1264 736 1264 752 0
w 1312 752 1392 752 0
w 1312 752 1312 720 0
w 1312 720 1584 720 0
w 1584 720 1584 768 0
162 1904 832 1872 832 2 default-led 1 0 0 0.01
R 1904 832 1920 832 0 0 40 5 0 0 0.5
t 1824 816 1824 832 0 1 -4.959888486067695 0.029941753781501487 100 default
w 1840 832 1872 832 0
r 1824 816 1824 800 0 1000
g 1808 832 1808 848 0 0
w 1760 768 1760 800 0
w 1760 768 1824 768 0
w 1824 768 1824 800 0
w 1008 928 1008 944 0
w 1008 928 1104 928 0
t 1584 944 1584 960 0 1 -0.632704143801885 0.029941749491523815 100 default
t 1664 944 1664 960 0 1 -0.6327041438613923 0.029941749432016575 100 default
w 1568 960 1568 992 0
w 1568 992 1648 992 0
w 1648 960 1648 992 0
w 1600 960 1632 960 0
w 1632 960 1632 896 0
w 1632 896 1696 896 0
w 1680 960 1696 960 0
w 1696 896 1696 960 0
r 1584 944 1584 928 0 1000
r 1664 944 1664 928 0 1000
w 1104 928 1104 976 0
w 1104 976 1520 976 0
w 1520 976 1520 896 0
w 1520 896 1584 896 0
w 1584 896 1584 928 0
w 1472 896 1472 928 0
w 1472 896 1504 896 0
w 1504 896 1504 864 0
w 1504 864 1664 864 0
w 1664 864 1664 928 0
r 1728 864 1728 880 0 1000
w 1728 880 1728 896 0
w 1696 896 1728 896 0
R 1728 864 1728 848 0 0 40 5 0 0 0.5
g 1568 992 1568 1008 0 0
t 1760 928 1760 944 0 1 0.6327041445752634 0.6626458932934088 100 default
w 1728 896 1760 896 0
w 1760 896 1760 928 0
g 1744 944 1744 960 0 0
r 1840 880 1840 864 0 1000
R 1840 864 1840 848 0 0 40 5 0 0 0.5
w 1776 944 1808 944 0
w 1840 880 1840 928 0
t 1872 960 1872 992 0 1 -4.959885334816372 0.029941753775549067 100 default
r 1872 960 1872 944 0 1000
w 1872 928 1872 944 0
162 1936 992 1904 992 2 default-led 1 0 0 0.01
w 1888 992 1904 992 0
R 1936 992 1952 992 0 0 40 5 0 0 0.5
g 1856 992 1856 1008 0 0
w 1840 928 1840 944 0
w 1840 928 1872 928 0
w 592 208 768 208 0
w 768 208 768 768 0
w 768 768 768 1040 0
w 592 288 752 288 0
w 752 288 752 752 0
w 752 752 752 1056 0
w 1808 944 1840 944 0
w 1808 944 1808 1040 0
w 1808 1040 1648 1040 0
w 768 1040 768 1056 0
w 752 1056 752 1072 0
w 768 1056 848 1056 0
w 752 1072 912 1072 0
t 848 1120 848 1136 0 1 0.10454156541931102 0.13392238972762474 100 default
t 912 1120 912 1136 0 1 -0.5170971270067216 0.10452189237482674 100 default
t 992 1120 992 1136 0 1 0.633071591804915 0.6509998436898621 100 default
t 1072 1120 1072 1136 0 1 -0.5287431765572291 0.11597446477803733 100 default
t 1152 1120 1152 1136 0 1 -0.528723497077541 0.11599414425772547 100 default
t 848 1248 848 1264 0 1 0.10449056227538478 0.13390271025925024 100 default
t 896 1248 896 1264 0 1 -0.5287234970943325 0.10451024819070256 100 default
t 992 1248 992 1264 0 1 0.6327041445545303 0.6626458932689006 100 default
t 1248 1120 1248 1136 0 1 0.6327041444744175 0.6626458932202135 100 default
t 1360 1120 1360 1136 0 1 -0.0651568951615754 0.029941748900418116 100 default
t 1408 1120 1408 1136 0 1 -0.6210580942304793 -0.0651568946212189 100 default
t 1504 1120 1504 1136 0 1 0.6330715918396279 0.650999843671254 100 default
t 1584 1120 1584 1136 0 1 -0.6327041438234504 0.012013497646162816 100 default
t 1648 1120 1648 1136 0 1 -0.6327041438511011 0.012013497618512232 100 default
t 1744 1120 1744 1136 0 1 0.6327041445771445 0.6626458933012394 100 default
t 1872 1120 1872 1152 0 1 -4.959893792069994 0.02994175378150706 100 default
w 864 1136 896 1136 0
w 1008 1136 1056 1136 0
w 1008 1136 1008 1152 0
w 1008 1152 1136 1152 0
w 1136 1152 1136 1136 0
w 1088 1136 1104 1136 0
w 1104 1136 1104 1104 0
w 1104 1104 1104 1088 0
w 1104 1088 1184 1088 0
w 1168 1136 1184 1136 0
w 1184 1088 1184 1136 0
r 1152 1120 1152 1104 0 1000
r 1072 1120 1072 1104 0 1000
r 912 1120 912 1104 0 1000
r 848 1120 848 1104 0 1000
r 1360 1120 1360 1104 0 1000
r 1408 1120 1408 1104 0 1000
r 1584 1120 1584 1104 0 1000
r 1648 1120 1648 1104 0 1000
r 848 1248 848 1232 0 1000
r 896 1248 896 1232 0 1000
w 864 1264 880 1264 0
w 848 1056 1152 1056 0
w 912 1072 1072 1072 0
w 912 1072 912 1104 0
w 848 1056 848 1104 0
w 1072 1072 1328 1072 0
w 1168 1056 1328 1056 0
w 1152 1056 1168 1056 0
w 1152 1056 1152 1104 0
w 768 1056 768 1184 0
w 752 1072 752 1200 0
w 768 1184 896 1184 0
w 896 1184 896 1232 0
w 752 1200 848 1200 0
w 848 1200 848 1232 0
g 832 1136 832 1152 0 0
g 976 1136 976 1152 0 0
g 1232 1136 1232 1152 0 0
g 832 1264 832 1296 0 0
r 944 1104 944 1088 0 1000
r 1280 1104 1280 1088 0 1000
r 1696 1104 1696 1088 0 1000
r 1808 1104 1808 1088 0 1000
r 1200 1104 1200 1088 0 1000
w 928 1136 944 1136 0
w 944 1104 944 1120 0
w 944 1120 944 1136 0
w 944 1120 960 1120 0
w 960 1120 960 1104 0
w 960 1104 992 1104 0
w 992 1104 992 1120 0
w 1200 1104 1200 1120 0
w 1200 1136 1184 1136 0
w 1200 1120 1200 1136 0
w 1200 1120 1216 1120 0
w 1216 1120 1216 1104 0
w 1216 1104 1248 1104 0
w 1248 1104 1248 1120 0
w 1280 1104 1280 1120 0
w 1264 1136 1280 1136 0
R 944 1088 944 1072 0 0 40 5 0 0 0.5
R 1200 1088 1200 1072 0 0 40 5 0 0 0.5
R 1280 1088 1280 1072 0 0 40 5 0 0 0.5
w 1280 1120 1280 1136 0
w 1280 1120 1328 1120 0
w 1328 1120 1328 1088 0
w 1328 1088 1360 1088 0
w 1360 1088 1360 1104 0
w 1408 1040 1344 1040 0
w 1408 1040 1408 1104 0
w 1392 1136 1376 1136 0
w 1520 1136 1568 1136 0
w 1520 1136 1520 1152 0
w 1520 1152 1632 1152 0
w 1632 1136 1632 1152 0
w 1600 1136 1616 1136 0
w 1616 1136 1616 1088 0
w 1616 1088 1680 1088 0
w 1664 1136 1680 1136 0
w 1680 1136 1680 1088 0
w 1696 1104 1696 1120 0
w 1696 1136 1680 1136 0
w 1696 1120 1696 1136 0
w 1696 1120 1712 1120 0
w 1712 1120 1712 1104 0
w 1712 1104 1744 1104 0
w 1744 1104 1744 1120 0
R 1696 1088 1696 1072 0 0 40 5 0 0 0.5
R 1808 1088 1808 1072 0 0 40 5 0 0 0.5
r 1456 1088 1456 1072 0 1000
R 1456 1072 1456 1056 0 0 40 5 0 0 0.5
w 1456 1088 1456 1104 0
w 1424 1136 1456 1136 0
w 1456 1104 1456 1136 0
w 1456 1104 1504 1104 0
w 1504 1104 1504 1120 0
g 1344 1136 1344 1152 0 0
g 1488 1136 1488 1152 0 0
g 1728 1136 1728 1152 0 0
w 1808 1104 1808 1120 0
w 1760 1136 1808 1136 0
w 1360 1088 1360 1072 0
w 1360 1072 1440 1072 0
w 1440 1072 1440 1056 0
w 1440 1056 1584 1056 0
w 1584 1056 1584 1104 0
w 1648 1040 1408 1040 0
w 1648 1040 1648 1104 0
r 1872 1120 1856 1120 0 1000
w 1808 1120 1808 1136 0
w 1808 1120 1840 1120 0
162 1936 1152 1904 1152 2 default-led 1 0 0 0.01
w 1888 1152 1904 1152 0
R 1936 1152 1952 1152 0 0 40 5 0 0 0.5
g 1856 1152 1856 1168 0 0
w 1072 1072 1072 1104 0
r 944 1232 944 1216 0 1000
r 1040 1232 1040 1216 0 1000
R 944 1216 944 1200 0 0 40 5 0 0 0.5
R 1040 1216 1040 1200 0 0 40 5 0 0 0.5
w 912 1264 944 1264 0
w 944 1232 944 1248 0
w 944 1248 944 1264 0
w 944 1248 960 1248 0
w 960 1248 960 1232 0
w 960 1232 992 1232 0
w 992 1232 992 1248 0
w 1008 1264 1040 1264 0
w 1040 1232 1040 1264 0
g 976 1264 976 1296 0 0
t 1392 1232 1392 1248 0 1 -0.06814687493065376 0.029941748876636656 100 default
t 1440 1232 1440 1248 0 1 -0.6327041438101292 -0.06814687432718047 100 default
w 1408 1248 1424 1248 0
r 1392 1232 1392 1216 0 1000
r 1440 1232 1440 1216 0 1000
w 1344 1040 1312 1040 0
w 1312 1040 816 1040 0
w 1312 1040 1312 1200 0
w 1312 1200 1392 1200 0
w 1392 1200 1392 1216 0
w 1280 1136 1280 1168 0
w 1280 1168 1280 1184 0
w 1280 1184 1440 1184 0
w 1440 1184 1440 1216 0
g 1376 1248 1376 1264 0 0
r 1504 1200 1504 1216 0 1000
R 1504 1200 1504 1184 0 0 40 5 0 0 0.5
w 1456 1248 1504 1248 0
w 1504 1216 1504 1232 0
w 1040 1264 1328 1264 0
w 1328 1264 1328 1296 0
w 1328 1296 1520 1296 0
t 1552 1248 1552 1264 0 1 0.6327041445884449 0.6626458932902392 100 default
r 1600 1216 1600 1232 0 1000
R 1600 1216 1600 1200 0 0 40 5 0 0 0.5
w 1504 1232 1504 1248 0
w 1504 1232 1552 1232 0
w 1552 1232 1552 1248 0
w 1600 1232 1600 1248 0
w 1600 1264 1568 1264 0
g 1536 1264 1536 1280 0 0
t 1680 1232 1680 1248 0 1 -0.6327041438613723 0.029941749432016582 100 default
t 1744 1232 1744 1248 0 1 -0.6327041438487963 0.029941749444592613 100 default
t 1824 1232 1824 1248 0 1 0.6327041445752641 0.6626458932933889 100 default
g 1648 1264 1648 1280 0 0
w 1648 1264 1664 1264 0
w 1664 1248 1664 1264 0
w 1664 1264 1728 1264 0
w 1728 1264 1728 1248 0
w 1696 1248 1712 1248 0
w 1712 1248 1712 1216 0
w 1712 1216 1712 1200 0
w 1712 1200 1776 1200 0
w 1776 1200 1776 1216 0
w 1760 1248 1776 1248 0
r 1776 1200 1776 1184 0 1000
R 1776 1184 1776 1168 0 0 40 5 0 0 0.5
r 1680 1232 1680 1216 0 1000
r 1744 1232 1744 1216 0 1000
w 1600 1248 1600 1264 0
w 1600 1248 1632 1248 0
w 1632 1248 1632 1200 0
w 1632 1200 1680 1200 0
w 1680 1200 1680 1216 0
w 1520 1296 1616 1296 0
w 1616 1296 1616 1168 0
w 1616 1168 1744 1168 0
w 1744 1168 1744 1216 0
w 1824 1216 1824 1232 0
g 1808 1248 1808 1264 0 0
r 1872 1200 1872 1216 0 1000
w 1840 1248 1872 1248 0
w 1872 1248 1872 1232 0
162 2000 1264 1968 1264 2 default-led 1 0 0 0.01
R 1872 1200 1872 1184 0 0 40 5 0 0 0.5
t 1920 1248 1920 1264 0 1 -4.959881809824662 0.029941753775524722 100 default
r 1920 1248 1920 1232 0 1000
w 1872 1232 1872 1216 0
w 1872 1232 1920 1232 0
w 1936 1264 1968 1264 0
R 2000 1264 2016 1264 0 0 40 5 0 0 0.5
g 1904 1264 1904 1280 0 0
w 1776 1216 1776 1248 0
w 1776 1216 1824 1216 0
w 1424 960 1456 976 0
w 544 224 736 224 0
w 736 224 736 608 0
w 544 272 720 272 0
w 720 272 720 608 0
w 736 608 736 1344 0
w 720 608 720 1376 0
w 736 1344 736 1360 0
w 1872 1248 1872 1344 0
w 1872 1344 1696 1344 0
w 736 1360 912 1360 0
w 720 1376 848 1376 0
t 848 1472 848 1488 0 1 -0.5107046238030925 0.16814336655140186 100 default
t 912 1472 912 1488 0 1 0.629095050121468 0.6288376852939691 100 default
t 1008 1472 1008 1488 0 1 0.6485803185535687 0.6785906255269953 100 default
t 1104 1472 1104 1488 0 1 0.10818308481401101 0.1381330528628038 100 default
t 1168 1472 1168 1488 0 1 0.6325253325800715 0.6624753006288643 100 default
t 1264 1472 1264 1488 0 1 -1.8266562051406294 0.059960275022219484 100 default
t 1392 1472 1392 1488 0 1 0.6011827575718726 0.6191110094104797 100 default
t 1456 1472 1456 1488 0 1 -0.6348036865017922 0.012013497613609952 100 default
t 1552 1472 1552 1488 0 1 0.6326214927808805 0.6647454359540093 100 default
t 1632 1472 1632 1488 0 1 -0.0499157877114936 -0.002182194319502378 100 default
t 1696 1472 1696 1488 0 1 0.5988612368827787 0.6465948302747699 100 default
t 1792 1472 1792 1488 0 1 -2.0693718001117345 0.07985753656511994 100 default
t 1904 1472 1904 1488 0 1 -2.2298728198531683 0.7238440082706705 100 default
t 832 1600 832 1616 0 1 -3.1850940016623297 0.16814336922579623 100 default
t 896 1600 896 1616 0 1 0.5965815600230671 0.5963241965358397 100 default
t 1392 1600 1392 1616 0 1 -0.6352679215088665 0.029941749450910864 100 default
t 1456 1600 1456 1616 0 1 0.5836838368995863 0.5834264716622516 100 default
r 848 1472 848 1456 0 1000
r 912 1472 912 1456 0 1000
r 1104 1472 1104 1456 0 1000
r 1168 1472 1168 1456 0 1000
r 1392 1472 1392 1456 0 1000
r 1456 1472 1456 1456 0 1000
r 1632 1472 1632 1456 0 1000
r 1696 1472 1696 1456 0 1000
r 1392 1600 1392 1584 0 1000
r 1456 1600 1456 1584 0 1000
r 896 1600 896 1584 0 1000
r 832 1600 832 1584 0 1000
w 848 1376 1104 1376 0
w 912 1360 1168 1360 0
w 848 1376 848 1456 0
w 912 1360 912 1456 0
w 1104 1376 1392 1376 0
w 1104 1376 1104 1456 0
w 1168 1360 1456 1360 0
w 1168 1360 1168 1456 0
w 1392 1376 1632 1376 0
w 1456 1360 1872 1360 0
w 1632 1376 1872 1376 0
w 896 1488 864 1488 0
w 1024 1488 1088 1488 0
w 1024 1488 1024 1504 0
w 1024 1504 1152 1504 0
w 1152 1504 1152 1488 0
w 1120 1488 1136 1488 0
w 1136 1488 1136 1424 0
w 1136 1424 1216 1424 0
w 1184 1488 1216 1488 0
w 1216 1488 1216 1424 0
w 1408 1488 1440 1488 0
w 1568 1488 1616 1488 0
w 1568 1488 1568 1504 0
w 1568 1504 1680 1504 0
w 1680 1504 1680 1488 0
w 1648 1488 1664 1488 0
w 1664 1488 1664 1440 0
w 1664 1440 1728 1440 0
w 1728 1440 1728 1488 0
w 1712 1488 1728 1488 0
w 1408 1616 1440 1616 0
w 848 1616 880 1616 0
w 720 1376 720 1552 0
w 736 1360 736 1536 0
w 736 1536 896 1536 0
w 896 1536 896 1584 0
w 720 1552 832 1552 0
w 832 1552 832 1584 0
t 992 1600 992 1616 0 1 0.6202370520701279 0.6555216554319643 100 default
t 1552 1600 1552 1616 0 1 0.6362797846648328 0.6649523057224427 100 default
w 1312 1344 784 1344 0
g 832 1488 832 1504 0 0
g 816 1616 816 1632 0 0
g 992 1488 992 1504 0 0
g 1248 1488 1248 1504 0 0
g 1376 1488 1376 1504 0 0
g 1536 1488 1536 1504 0 0
g 1776 1488 1776 1504 0 0
g 1888 1488 1888 1504 0 0
g 1536 1616 1536 1632 0 0
g 1376 1616 1376 1632 0 0
g 976 1616 976 1632 0 0
r 992 1600 992 1584 0 1000
r 944 1536 944 1552 0 1000
r 1056 1536 1056 1552 0 1000
r 1504 1552 1504 1568 0 1000
r 1600 1552 1600 1568 0 1000
r 960 1408 960 1424 0 1000
r 1248 1392 1248 1408 0 1000
r 1504 1408 1504 1424 0 1000
r 1744 1408 1744 1424 0 1000
r 1904 1472 1904 1456 0 1000
r 1840 1408 1840 1424 0 1000
R 960 1408 960 1392 0 0 40 5 0 0 0.5
R 1248 1392 1248 1376 0 0 40 5 0 0 0.5
R 1504 1408 1504 1392 0 0 40 5 0 0 0.5
R 1744 1408 1744 1392 0 0 40 5 0 0 0.5
R 1840 1408 1840 1392 0 0 40 5 0 0 0.5
R 1600 1552 1600 1536 0 0 40 5 0 0 0.5
R 1504 1552 1504 1536 0 0 40 5 0 0 0.5
R 1056 1536 1056 1520 0 0 40 5 0 0 0.5
R 944 1536 944 1520 0 0 40 5 0 0 0.5
w 912 1616 944 1616 0
w 944 1552 944 1568 0
w 944 1568 944 1616 0
w 944 1568 992 1568 0
w 992 1568 992 1584 0
w 1008 1616 1056 1616 0
w 1056 1552 1056 1616 0
w 1472 1616 1504 1616 0
w 1504 1568 1504 1584 0
w 1552 1600 1552 1584 0
w 1504 1584 1504 1616 0
w 1504 1584 1552 1584 0
w 1600 1568 1600 1584 0
w 1744 1424 1744 1440 0
w 1728 1440 1744 1440 0
w 1744 1440 1792 1440 0
w 1792 1440 1792 1472 0
w 1808 1488 1840 1488 0
w 1840 1424 1840 1456 0
w 1840 1456 1840 1488 0
w 1840 1456 1888 1456 0
w 1248 1408 1248 1424 0
w 1248 1424 1216 1424 0
w 1248 1424 1264 1424 0
w 1264 1424 1264 1472 0
r 1328 1440 1328 1424 0 1000
R 1328 1424 1328 1408 0 0 40 5 0 0 0.5
w 1280 1488 1328 1488 0
w 1328 1488 1328 1456 0
w 1328 1456 1328 1440 0
w 1328 1456 1376 1456 0
w 1504 1424 1504 1440 0
w 1472 1488 1504 1488 0
w 1504 1440 1504 1488 0
w 1504 1440 1552 1440 0
w 1552 1440 1552 1472 0
w 1456 1344 1360 1344 0
w 1456 1344 1456 1456 0
w 1632 1344 1456 1344 0
w 1632 1344 1632 1456 0
w 1360 1344 1312 1344 0
w 1360 1344 1360 1536 0
w 1360 1536 1392 1536 0
w 1392 1536 1392 1584 0
w 1328 1488 1328 1552 0
w 1328 1552 1456 1552 0
w 1456 1552 1456 1584 0
162 1968 1488 1936 1488 2 default-led 1 0 0 0.01
162 1968 1616 1936 1616 2 default-led 1 0 0 0.01
R 1968 1488 1984 1488 0 0 40 5 0 0 0.5
R 1968 1616 1984 1616 0 0 40 5 0 0 0.5
w 1920 1488 1936 1488 0
t 1888 1600 1888 1616 0 1 -4.959884514327361 0.029941753782406273 100 default
w 1904 1616 1936 1616 0
r 1888 1600 1888 1584 0 1000
g 1872 1616 1872 1632 0 0
w 928 1488 960 1488 0
w 960 1488 960 1440 0
w 960 1440 960 1424 0
w 960 1440 1008 1440 0
w 1008 1440 1008 1472 0
w 1568 1616 1600 1616 0
w 1600 1616 1600 1584 0
t 1664 1600 1664 1616 0 1 -0.6339733715104306 0.02867252178926658 100 default
t 1728 1600 1728 1616 0 1 -0.627361289213765 0.035284604085932245 100 default
w 1680 1616 1696 1616 0
w 1696 1616 1696 1568 0
w 1696 1568 1760 1568 0
w 1760 1568 1760 1616 0
w 1760 1616 1744 1616 0
w 1648 1616 1648 1632 0
w 1648 1632 1712 1632 0
w 1712 1632 1712 1616 0
r 1776 1536 1776 1552 0 1000
R 1776 1536 1776 1520 0 0 40 5 0 0 0.5
w 1760 1568 1776 1568 0
w 1776 1568 1776 1552 0
w 1888 1568 1888 1584 0
w 1056 1616 1056 1648 0
w 1056 1648 1056 1664 0
w 1056 1664 1632 1664 0
w 1632 1664 1632 1536 0
w 1632 1536 1728 1536 0
r 1664 1600 1664 1584 0 1000
r 1728 1600 1728 1584 0 1000
w 1888 1568 2288 1568 0
w 1840 1120 1856 1120 0
w 1840 1120 1840 1104 0
w 2288 1568 2288 864 0
w 1840 1104 2256 1104 0
w 2288 864 2288 608 0
w 2256 1104 2256 608 0
w 1888 1456 1904 1456 0
w 1888 1456 1888 1440 0
w 1888 1440 2272 1440 0
w 2272 1440 2272 928 0
w 2272 928 2272 608 0
w 1824 768 2240 768 0
w 2240 768 2240 272 0
w 2256 608 2256 272 0
w 2272 608 2272 272 0
w 2288 608 2288 272 0
r 1344 416 1344 400 0 1000
w 1344 400 2224 400 0
w 2224 400 2224 272 0
t 1296 256 1296 272 0 1 -4.959878935676451 0.029941753782400743 100 default
t 1344 256 1344 272 0 1 -2.2298728198532043 0.7238440082706599 100 default
t 1392 256 1392 272 0 1 -4.959893471370656 0.029941753781506656 100 default
t 1440 256 1440 272 0 1 -4.959885071979857 0.029941753781498104 100 default
t 1488 256 1488 272 0 1 -4.9598856792949135 0.029941754248218943 100 default
g 1280 272 1280 288 0 0
g 1328 272 1328 288 0 0
g 1376 272 1376 288 0 0
g 1424 272 1424 288 0 0
g 1472 272 1472 288 0 0
r 1296 256 1296 240 0 1000
r 1344 256 1344 240 0 1000
r 1392 256 1392 240 0 1000
r 1440 256 1440 240 0 1000
r 1488 256 1488 240 0 1000
w 1488 240 1488 224 0
w 1488 224 2224 224 0
w 2224 224 2224 272 0
w 1440 240 1440 208 0
w 1440 208 2240 208 0
w 2240 208 2240 272 0
w 1392 240 1392 192 0
w 1392 192 2256 192 0
w 2256 192 2256 272 0
w 1344 240 1344 176 0
w 1344 176 2272 176 0
w 2272 176 2272 272 0
w 1296 240 1296 160 0
w 1296 160 2288 160 0
w 2288 160 2288 272 0
162 1312 320 1312 304 2 default-led 1 0 0 0.01
162 1360 320 1360 304 2 default-led 1 0 0 0.01
162 1408 320 1408 304 2 default-led 1 0 0 0.01
162 1456 320 1456 304 2 default-led 1 0 0 0.01
162 1504 320 1504 304 2 default-led 1 0 0 0.01
w 1312 304 1312 272 0
w 1360 304 1360 272 0
w 1408 304 1408 272 0
w 1456 304 1456 272 0
w 1504 304 1504 272 0
R 1312 320 1312 336 0 0 40 5 0 0 0.5
R 1360 320 1360 336 0 0 40 5 0 0 0.5
R 1408 320 1408 336 0 0 40 5 0 0 0.5
R 1456 320 1456 336 0 0 40 5 0 0 0.5
R 1504 320 1504 336 0 0 40 5 0 0 0.5
t 1808 1600 1808 1616 0 1 0.6327041445746937 0.6626458932996973 100 default
r 1856 1552 1856 1536 0 1000
R 1856 1536 1856 1520 0 0 40 5 0 0 0.5
w 1776 1568 1808 1568 0
w 1808 1568 1808 1600 0
w 1824 1616 1856 1616 0
w 1856 1616 1856 1568 0
w 1888 1568 1872 1568 0
w 1856 1568 1856 1552 0
w 1856 1568 1872 1568 0
g 1792 1616 1792 1632 0 0
w 1728 1536 1728 1584 0
w 1600 1584 1648 1584 0
w 1648 1584 1648 1568 0
w 1648 1568 1664 1568 0
w 1664 1568 1664 1584 0
g 1648 1632 1648 1648 0 0
w 1696 1344 1632 1344 0
w 1376 1456 1392 1456 0
w 1376 1456 1376 1392 0
w 1376 1392 1696 1392 0
w 1696 1392 1696 1456 0
