$ 1 0.000005 10.20027730826997 50 5 50 5e-11
s 128 144 176 144 0 1 false
s 224 144 272 144 0 1 false
s 320 144 368 144 0 0 false
s 416 144 464 144 0 0 false
s 128 352 176 352 0 1 false
s 224 352 272 352 0 1 false
s 320 352 368 352 0 1 false
s 416 352 464 352 0 0 false
R 128 144 112 144 0 0 40 5 0 0 0.5
R 224 144 208 144 0 0 40 5 0 0 0.5
R 320 144 304 144 0 0 40 5 0 0 0.5
R 416 144 400 144 0 0 40 5 0 0 0.5
R 128 352 112 352 0 0 40 5 0 0 0.5
R 224 352 208 352 0 0 40 5 0 0 0.5
R 320 352 304 352 0 0 40 5 0 0 0.5
R 416 352 400 352 0 0 40 5 0 0 0.5
w 176 352 176 272 0
w 176 144 176 224 0
w 272 352 272 288 0
w 368 352 368 304 0
w 464 352 464 320 0
w 272 144 272 208 0
w 368 144 368 192 0
w 464 144 464 176 0
w 176 224 464 224 0
w 272 208 464 208 0
w 368 192 464 192 0
w 176 272 464 272 0
w 272 288 464 288 0
w 368 304 464 304 0
t 544 368 544 384 0 1 -4.606027519010635 0.2187237903459387 100 default
t 592 368 592 384 0 1 -4.606027519010635 0.2187237903459387 100 default
t 640 368 640 384 0 1 -4.795416088065501 0.15890959058851345 100 default
t 688 368 688 384 0 1 -2.084423139526532 0.7520882089532283 100 default
162 560 432 560 416 2 default-led 1 0 0 0.01
162 608 432 608 416 2 default-led 1 0 0 0.01
162 656 432 656 416 2 default-led 1 0 0 0.01
162 704 432 704 416 2 default-led 1 0 0 0.01
R 560 432 560 448 0 0 40 5 0 0 0.5
R 608 432 608 448 0 0 40 5 0 0 0.5
R 656 432 656 448 0 0 40 5 0 0 0.5
R 704 432 704 448 0 0 40 5 0 0 0.5
w 560 416 560 384 0
w 608 416 608 384 0
w 656 416 656 384 0
w 704 416 704 384 0
g 528 384 528 400 0 0
g 576 384 576 400 0 0
g 624 384 624 400 0 0
g 672 384 672 400 0 0
r 544 368 544 352 0 1000
r 592 368 592 352 0 1000
r 640 368 640 352 0 1000
r 688 368 688 352 0 1000
w 464 320 688 320 0
w 688 320 688 352 0
w 464 304 640 304 0
w 640 304 640 352 0
w 464 288 592 288 0
w 592 288 592 352 0
w 464 272 544 272 0
w 544 272 544 352 0
t 544 112 544 96 0 1 -4.606027519010635 0.2187237903459387 100 default
t 592 112 592 96 0 1 -4.606027519010635 0.2187237903459387 100 default
t 640 112 640 96 0 1 -2.084423139526532 0.7520882089532283 100 default
t 688 112 688 96 0 1 -2.084423139526532 0.7520882089532283 100 default
r 544 112 544 128 0 1000
r 592 112 592 128 0 1000
r 640 112 640 128 0 1000
r 688 112 688 128 0 1000
g 528 96 528 80 0 0
g 576 96 576 80 0 0
g 624 96 624 80 0 0
g 672 96 672 80 0 0
162 704 48 704 64 2 default-led 1 0 0 0.01
162 656 48 656 64 2 default-led 1 0 0 0.01
162 608 48 608 64 2 default-led 1 0 0 0.01
162 560 48 560 64 2 default-led 1 0 0 0.01
R 560 48 560 32 0 0 40 5 0 0 0.5
R 608 48 608 32 0 0 40 5 0 0 0.5
R 656 48 656 32 0 0 40 5 0 0 0.5
R 704 48 704 32 0 0 40 5 0 0 0.5
w 560 64 560 96 0
w 608 64 608 96 0
w 656 64 656 96 0
w 704 64 704 96 0
w 464 176 688 176 0
w 688 176 688 128 0
w 464 192 640 192 0
w 640 192 640 128 0
w 464 208 592 208 0
w 592 208 592 128 0
w 464 224 544 224 0
w 544 128 544 224 0
t 864 432 864 448 0 1 0.6324029328458909 0.6696578329502747 100 default
t 912 432 912 448 0 1 0.6324819818960352 0.6624339504482404 100 default
t 992 432 992 448 0 1 -0.6146300469672551 0.06720686865658894 100 default
t 1072 432 1072 448 0 1 0.6290742497809501 0.6288168844830996 100 default
t 1136 432 1136 448 0 1 0.6290742497809501 0.6288168844830996 100 default
w 880 448 896 448 0
w 1056 448 1008 448 0
w 1120 464 1008 464 0
w 1008 464 1008 448 0
w 1120 464 1120 448 0
w 1088 448 1104 448 0
w 1104 448 1104 400 0
w 1152 448 1168 448 0
w 1104 400 1168 400 0
g 848 448 848 464 0 0
g 976 448 976 464 0 0
w 1168 448 1168 400 0
r 960 384 960 400 0 1000
R 960 384 960 368 0 0 40 5 0 0 0.5
w 960 400 960 416 0
w 960 416 992 416 0
w 992 416 992 432 0
w 960 416 960 448 0
w 960 448 928 448 0
w 688 320 752 320 0
w 688 176 784 176 0
r 864 432 864 416 0 1000
r 912 432 912 416 0 1000
r 1072 432 1072 416 0 1000
r 1136 432 1136 416 0 1000
w 864 320 1072 320 0
w 864 320 864 416 0
w 1072 320 1168 320 0
w 1072 320 1072 416 0
w 1136 176 1168 176 0
w 1136 176 1136 416 0
w 912 176 1136 176 0
w 896 176 912 176 0
w 912 176 912 416 0
w 784 320 816 320 0
t 864 560 864 576 0 1 0.6324029328458225 0.6696578329516877 100 default
t 912 560 912 576 0 1 0.6324819818959553 0.6624339504501074 100 default
w 880 576 896 576 0
r 960 544 960 528 0 1000
R 960 528 960 512 0 0 40 5 0 0 0.5
w 960 544 960 560 0
w 960 576 928 576 0
g 848 576 848 592 0 0
r 1184 368 1184 384 0 1000
w 1168 400 1184 400 0
w 1184 400 1184 384 0
w 1184 400 1200 400 0
w 1200 400 1200 416 0
t 1200 416 1200 432 0 1 0.6585520342942472 0.6815795503259936 100 default
g 1184 432 1184 448 0 0
r 1248 368 1248 384 0 1000
w 1248 384 1248 400 0
w 1248 432 1216 432 0
R 1184 368 1184 352 0 0 40 5 0 0 0.5
R 1248 368 1248 352 0 0 40 5 0 0 0.5
t 1344 416 1344 432 0 1 -4.966856627771848 0.0230275160317464 100 default
w 1248 400 1248 432 0
w 1248 400 1344 400 0
w 1344 400 1344 416 0
g 1328 432 1328 448 0 0
162 1408 432 1392 432 2 default-led 1 0 0 0.01
w 1360 432 1392 432 0
R 1408 432 1424 432 0 0 40 5 0 0 0.5
r 864 560 864 544 0 1000
r 912 560 912 544 0 1000
t 1008 576 1008 592 0 1 -1.6016250714724933 0.06720686866001735 100 default
w 960 560 960 576 0
w 960 560 1008 560 0
w 1008 560 1008 576 0
w 752 320 768 320 0
w 816 320 816 512 0
w 784 176 832 176 0
w 832 176 832 496 0
w 832 496 912 496 0
w 912 496 912 544 0
w 816 512 864 512 0
w 864 512 864 544 0
w 768 320 784 320 0
w 832 176 896 176 0
w 816 320 864 320 0
g 992 592 992 608 0 0
r 1056 528 1056 544 0 1000
R 1056 528 1056 512 0 0 40 5 0 0 0.5
w 1056 544 1056 560 0
w 1024 592 1056 592 0
t 1120 576 1120 592 0 1 -2.280799862425379 0.713494570389288 100 default
w 1056 560 1056 592 0
g 1104 592 1104 608 0 0
162 1184 592 1168 592 2 default-led 1 0 0 0.01
w 1136 592 1168 592 0
R 1184 592 1200 592 0 0 40 5 0 0 0.5
w 640 192 800 192 0
w 800 192 800 656 0
w 640 304 784 304 0
w 784 304 784 688 0
w 800 656 816 656 0
w 784 688 800 688 0
w 1056 592 1056 640 0
w 1056 640 816 640 0
w 1056 640 1264 640 0
t 864 784 864 800 0 1 -0.5199384042214628 0.1589095863130357 100 default
t 912 784 912 800 0 1 0.6290950501225749 0.628837685153755 100 default
t 976 784 976 800 0 1 0.6485803186186059 0.6785906255656786 100 default
t 1040 784 1040 800 0 1 0.09894930642779501 0.12889927448114935 100 default
t 1120 784 1120 800 0 1 0.6325253325800615 0.6624753006334159 100 default
r 864 784 864 768 0 1000
r 912 784 912 768 0 1000
r 1040 784 1040 768 0 1000
r 1120 784 1120 768 0 1000
r 944 720 944 736 0 1000
R 944 720 944 704 0 0 40 5 0 0 0.5
w 896 800 880 800 0
w 992 800 1024 800 0
w 992 800 992 816 0
w 992 816 1104 816 0
w 1104 800 1104 816 0
w 1056 800 1088 800 0
w 1088 800 1088 736 0
w 1088 736 1152 736 0
w 1136 800 1152 800 0
w 1152 736 1152 800 0
w 944 736 944 752 0
w 944 800 928 800 0
w 944 752 944 800 0
w 944 752 976 752 0
w 976 752 976 784 0
g 848 800 848 816 0 0
g 960 800 960 816 0 0
w 864 688 1040 688 0
w 864 688 864 768 0
w 912 656 1120 656 0
w 912 656 912 768 0
w 1040 688 1248 688 0
w 1040 688 1040 768 0
w 1120 656 1248 656 0
w 1120 656 1120 768 0
r 1184 720 1184 704 0 1000
R 1184 704 1184 688 0 0 40 5 0 0 0.5
w 1184 720 1184 736 0
w 1184 736 1152 736 0
t 1216 768 1216 784 0 1 -1.827519228387152 0.05996027500042706 100 default
w 1184 736 1216 736 0
w 1216 736 1216 768 0
g 1200 784 1200 800 0 0
r 1264 704 1264 720 0 1000
w 1232 784 1248 784 0
w 1264 720 1264 736 0
w 1264 784 1248 784 0
R 1264 704 1264 688 0 0 40 5 0 0 0.5
w 1248 656 1488 656 0
w 1264 640 1344 640 0
w 1488 656 1504 656 0
w 800 688 864 688 0
w 800 688 800 864 0
w 816 656 912 656 0
w 816 656 816 864 0
w 800 864 800 880 0
t 832 912 832 928 0 1 -0.5151721009159999 0.1589095863082701 100 default
t 896 912 896 928 0 1 0.6291281851664484 0.6288708201971277 100 default
w 848 928 880 928 0
r 832 912 832 896 0 1000
r 896 912 896 896 0 1000
w 800 880 832 880 0
w 832 880 832 896 0
w 816 864 896 864 0
w 896 864 896 896 0
r 944 896 944 880 0 1000
R 944 880 944 864 0 0 40 5 0 0 0.5
g 816 928 816 944 0 0
r 1008 896 1008 880 0 1000
R 1008 880 976 864 0 0 40 5 0 0 0.5
t 976 928 976 944 0 1 0.6487502900051885 0.6738243222549493 100 default
w 944 896 944 912 0
w 912 928 944 928 0
w 944 912 944 928 0
w 944 912 976 912 0
w 976 928 976 912 0
w 1008 896 1008 928 0
w 992 944 1008 944 0
g 960 944 960 960 0 0
t 1280 912 1280 928 0 1 0.5993069844449745 0.6499316363276108 100 default
t 1344 912 1344 928 0 1 0.5930190306491985 0.6448009995004945 100 default
t 1424 912 1424 928 0 1 -2.723971297228089 0.10240662073393221 100 default
w 1296 928 1328 928 0
r 1280 912 1280 896 0 1000
r 1344 912 1344 896 0 1000
r 1392 880 1392 864 0 1000
R 1392 864 1392 848 0 0 40 5 0 0 0.5
r 1472 880 1472 864 0 1000
R 1472 864 1472 848 0 0 40 5 0 0 0.5
w 1392 880 1392 896 0
w 1392 928 1360 928 0
w 1392 896 1392 928 0
w 1392 896 1424 896 0
w 1424 896 1424 912 0
w 1472 880 1472 896 0
w 1440 928 1472 928 0
w 1264 784 1264 880 0
w 1264 880 1280 880 0
w 1280 880 1280 896 0
w 1344 640 1440 640 0
w 1344 640 1344 896 0
g 1264 928 1264 944 0 0
g 1408 928 1408 944 0 0
r 1120 576 1120 560 0 1000
w 1056 560 1120 560 0
t 1392 784 1392 800 0 1 0.5993069844455854 0.6499316363210551 100 default
t 1440 784 1440 800 0 1 0.5930190306502222 0.6448009994925086 100 default
t 1520 784 1520 800 0 1 -0.5642441873966824 0.10240662071775607 100 default
t 1584 784 1584 800 0 1 0.5836613027646957 0.5834039376179492 100 default
t 1648 784 1648 800 0 1 0.5734203892691043 0.5731630241223578 100 default
r 1392 784 1392 768 0 1000
r 1440 784 1440 768 0 1000
r 1584 784 1584 768 0 1000
r 1648 784 1648 768 0 1000
r 1488 752 1488 736 0 1000
r 1696 752 1696 736 0 1000
r 1760 752 1760 736 0 1000
R 1488 736 1488 720 0 0 40 5 0 0 0.5
R 1696 736 1696 720 0 0 40 5 0 0 0.5
R 1760 736 1760 720 0 0 40 5 0 0 0.5
w 1488 752 1488 768 0
w 1456 800 1488 800 0
w 1408 800 1424 800 0
w 1488 768 1488 800 0
w 1488 768 1520 768 0
w 1520 768 1520 784 0
w 1568 800 1536 800 0
w 1536 800 1536 816 0
w 1536 816 1632 816 0
w 1632 800 1632 816 0
w 1600 800 1616 800 0
w 1616 800 1616 752 0
w 1616 752 1696 752 0
w 1664 800 1696 800 0
w 1696 800 1696 768 0
g 1376 800 1376 816 0 0
g 1504 800 1504 816 0 0
t 1728 784 1728 800 0 1 0.6384311326096974 0.6663934429676919 100 default
g 1712 800 1712 816 0 0
w 1696 768 1696 752 0
w 1696 768 1728 768 0
w 1728 768 1728 784 0
w 1760 752 1760 768 0
w 1744 800 1760 800 0
w 1264 752 1264 784 0
w 1264 752 1312 752 0
w 1392 752 1392 768 0
w 1456 640 1504 640 0
w 1440 640 1456 640 0
w 1440 640 1440 688 0
w 1440 688 1440 768 0
w 1440 688 1648 688 0
w 1648 688 1648 768 0
w 1264 736 1264 752 0
w 1312 752 1392 752 0
w 1312 752 1312 720 0
w 1312 720 1584 720 0
w 1584 720 1584 768 0
162 1904 832 1872 832 2 default-led 1 0 0 0.01
R 1904 832 1920 832 0 0 40 5 0 0 0.5
t 1824 816 1824 832 0 1 -4.961885332629318 0.02796231541765234 100 default
w 1840 832 1872 832 0
r 1824 816 1824 800 0 1000
g 1808 832 1808 848 0 0
w 1760 768 1760 800 0
w 1760 768 1824 768 0
w 1824 768 1824 800 0
w 1008 928 1008 944 0
w 1008 928 1104 928 0
t 1584 944 1584 960 0 1 -0.013146190096465098 0.025074032300865818 100 default
t 1664 944 1664 960 0 1 0.6145356244189856 0.6527558468163165 100 default
w 1568 960 1568 992 0
w 1568 992 1648 992 0
w 1648 960 1648 992 0
w 1600 960 1632 960 0
w 1632 960 1632 896 0
w 1632 896 1696 896 0
w 1680 960 1696 960 0
w 1696 896 1696 960 0
r 1584 944 1584 928 0 1000
r 1664 944 1664 928 0 1000
w 1104 928 1104 976 0
w 1104 976 1520 976 0
w 1520 976 1520 896 0
w 1520 896 1584 896 0
w 1584 896 1584 928 0
w 1472 896 1472 928 0
w 1472 896 1504 896 0
w 1504 896 1504 864 0
w 1504 864 1664 864 0
w 1664 864 1664 928 0
r 1728 864 1728 880 0 1000
w 1728 880 1728 896 0
w 1696 896 1728 896 0
R 1728 864 1728 848 0 0 40 5 0 0 0.5
g 1568 992 1568 1008 0 0
t 1760 928 1760 944 0 1 -2.8289138913545617 0.038220222397330916 100 default
w 1728 896 1760 896 0
w 1760 896 1760 928 0
g 1744 944 1744 960 0 0
r 1840 880 1840 864 0 1000
R 1840 864 1840 848 0 0 40 5 0 0 0.5
w 1776 944 1840 944 0
w 1840 880 1840 928 0
t 1872 960 1872 992 0 1 -2.1775948150977955 0.7342682337381106 100 default
r 1872 960 1872 944 0 1000
w 1872 928 1872 944 0
162 1936 992 1904 992 2 default-led 1 0 0 0.01
w 1888 992 1904 992 0
R 1936 992 1952 992 0 0 40 5 0 0 0.5
g 1856 992 1856 1008 0 0
w 1840 928 1840 944 0
w 1840 928 1872 928 0
