$ 1 0.000005 10.20027730826997 50 5 50 5e-11
s 128 144 176 144 0 1 false
s 224 144 272 144 0 1 false
s 320 144 368 144 0 1 false
s 416 144 464 144 0 1 false
s 128 352 176 352 0 1 false
s 224 352 272 352 0 1 false
s 320 352 368 352 0 1 false
s 416 352 464 352 0 1 false
R 128 144 112 144 0 0 40 5 0 0 0.5
R 224 144 208 144 0 0 40 5 0 0 0.5
R 320 144 304 144 0 0 40 5 0 0 0.5
R 416 144 400 144 0 0 40 5 0 0 0.5
R 128 352 112 352 0 0 40 5 0 0 0.5
R 224 352 208 352 0 0 40 5 0 0 0.5
R 320 352 304 352 0 0 40 5 0 0 0.5
R 416 352 400 352 0 0 40 5 0 0 0.5
w 176 352 176 272 0
w 176 144 176 224 0
w 272 352 272 288 0
w 368 352 368 304 0
w 464 352 464 320 0
w 272 144 272 208 0
w 368 144 368 192 0
w 464 144 464 176 0
w 176 224 464 224 0
w 272 208 464 208 0
w 368 192 464 192 0
w 176 272 464 272 0
w 272 288 464 288 0
w 368 304 464 304 0
t 544 368 544 384 0 1 -4.6060286870179254 0.21872213947250285 100 default
t 592 368 592 384 0 1 -4.606027118325259 0.21872333452755835 100 default
t 640 368 640 384 0 1 -4.797280515483097 0.15803860991685878 100 default
t 688 368 688 384 0 1 -4.8148732691960925 0.14926390645439463 100 default
162 560 432 560 416 2 default-led 1 0 0 0.01
162 608 432 608 416 2 default-led 1 0 0 0.01
162 656 432 656 416 2 default-led 1 0 0 0.01
162 704 432 704 416 2 default-led 1 0 0 0.01
R 560 432 560 448 0 0 40 5 0 0 0.5
R 608 432 608 448 0 0 40 5 0 0 0.5
R 656 432 656 448 0 0 40 5 0 0 0.5
R 704 432 704 448 0 0 40 5 0 0 0.5
w 560 416 560 384 0
w 608 416 608 384 0
w 656 416 656 384 0
w 704 416 704 384 0
g 528 384 528 400 0 0
g 576 384 576 400 0 0
g 624 384 624 400 0 0
g 672 384 672 400 0 0
r 544 368 544 352 0 1000
r 592 368 592 352 0 1000
r 640 368 640 352 0 1000
r 688 368 688 352 0 1000
w 464 320 688 320 0
w 688 320 688 352 0
w 464 304 640 304 0
w 640 304 640 352 0
w 464 288 592 288 0
w 592 288 592 352 0
w 464 272 544 272 0
w 544 272 544 352 0
t 544 112 544 96 0 1 -4.606029665223108 0.21872269013087864 100 default
t 592 112 592 96 0 1 -4.6060266841433615 0.21872262135557216 100 default
t 640 112 640 96 0 1 -4.63238529692138 0.21211081496101752 100 default
t 688 112 688 96 0 1 -4.625982466024829 0.2137406374195092 100 default
r 544 112 544 128 0 1000
r 592 112 592 128 0 1000
r 640 112 640 128 0 1000
r 688 112 688 128 0 1000
g 528 96 528 80 0 0
g 576 96 576 80 0 0
g 624 96 624 80 0 0
g 672 96 672 80 0 0
162 704 48 704 64 2 default-led 1 0 0 0.01
162 656 48 656 64 2 default-led 1 0 0 0.01
162 608 48 608 64 2 default-led 1 0 0 0.01
162 560 48 560 64 2 default-led 1 0 0 0.01
R 560 48 560 32 0 0 40 5 0 0 0.5
R 608 48 608 32 0 0 40 5 0 0 0.5
R 656 48 656 32 0 0 40 5 0 0 0.5
R 704 48 704 32 0 0 40 5 0 0 0.5
w 560 64 560 96 0
w 608 64 608 96 0
w 656 64 656 96 0
w 704 64 704 96 0
w 464 176 688 176 0
w 688 176 688 128 0
w 464 192 640 192 0
w 640 192 640 128 0
w 464 208 592 208 0
w 592 208 592 128 0
w 464 224 544 224 0
w 544 128 544 224 0
t 864 432 864 448 0 1 0.08020719407233008 0.14926389933731285 100 default
t 912 432 912 448 0 1 -0.4372592072964234 0.1446839315781664 100 default
t 992 432 992 448 0 1 0.6330715916653904 0.6509998441395726 100 default
t 1072 432 1072 448 0 1 -0.5133819901862989 0.13133564983931104 100 default
t 1136 432 1136 448 0 1 -0.4489052573169653 0.1958123827086447 100 default
w 880 448 896 448 0
w 1056 448 1008 448 0
w 1120 464 1008 464 0
w 1008 464 1008 448 0
w 1120 464 1120 448 0
w 1088 448 1104 448 0
w 1104 448 1104 400 0
w 1152 448 1168 448 0
w 1104 400 1168 400 0
g 848 448 848 464 0 0
g 976 448 976 464 0 0
w 1168 448 1168 400 0
r 960 384 960 400 0 1000
R 960 384 960 368 0 0 40 5 0 0 0.5
w 960 400 960 416 0
w 960 416 992 416 0
w 992 416 992 432 0
w 960 416 960 448 0
w 960 448 928 448 0
w 688 320 752 320 0
w 688 176 784 176 0
r 864 432 864 416 0 1000
r 912 432 912 416 0 1000
r 1072 432 1072 416 0 1000
r 1136 432 1136 416 0 1000
w 864 320 1072 320 0
w 864 320 864 416 0
w 1072 320 1168 320 0
w 1072 320 1072 416 0
w 1136 176 1168 176 0
w 1136 176 1136 416 0
w 912 176 1136 176 0
w 896 176 912 176 0
w 912 176 912 416 0
w 784 320 816 320 0
t 864 560 864 576 0 1 0.08019767987273692 0.14926389933813955 100 default
t 912 560 912 576 0 1 -0.4489052563425309 0.1446744173894915 100 default
w 880 576 896 576 0
r 960 544 960 528 0 1000
R 960 528 960 512 0 0 40 5 0 0 0.5
w 960 544 960 560 0
w 960 576 928 576 0
g 848 576 848 592 0 0
r 1184 368 1184 384 0 1000
w 1168 400 1184 400 0
w 1184 400 1184 384 0
w 1184 400 1200 400 0
w 1200 400 1200 416 0
t 1200 416 1200 432 0 1 0.632704143318871 0.6626458924997921 100 default
g 1184 432 1184 448 0 0
r 1248 368 1248 384 0 1000
w 1248 384 1248 400 0
w 1248 432 1216 432 0
R 1184 368 1184 352 0 0 40 5 0 0 0.5
R 1248 368 1248 352 0 0 40 5 0 0 0.5
t 1344 416 1344 432 0 1 -4.959884258435446 0.029941749180921035 100 default
w 1248 400 1248 432 0
w 1248 400 1344 400 0
w 1344 400 1344 416 0
g 1328 432 1328 448 0 0
162 1408 432 1392 432 2 default-led 1 0 0 0.01
w 1360 432 1392 432 0
R 1408 432 1424 432 0 0 40 5 0 0 0.5
r 864 560 864 544 0 1000
r 912 560 912 544 0 1000
t 1008 576 1008 592 0 1 0.6327041444276584 0.6626458931974251 100 default
w 960 560 960 576 0
w 960 560 1008 560 0
w 1008 560 1008 576 0
w 752 320 768 320 0
w 816 320 816 512 0
w 784 176 832 176 0
w 832 176 832 496 0
w 832 496 912 496 0
w 912 496 912 544 0
w 816 512 864 512 0
w 864 512 864 544 0
w 768 320 784 320 0
w 832 176 896 176 0
w 816 320 864 320 0
g 992 592 992 608 0 0
r 1056 528 1056 544 0 1000
R 1056 528 1056 512 0 0 40 5 0 0 0.5
w 1056 544 1056 560 0
w 1024 592 1056 592 0
t 1120 576 1120 592 0 1 -4.959887932438483 0.029941748769766678 100 default
w 1056 560 1056 592 0
w 1056 560 1120 560 0
w 1120 560 1120 576 0
g 1104 592 1104 608 0 0
162 1184 592 1168 592 2 default-led 1 0 0 0.01
w 1136 592 1168 592 0
R 1184 592 1200 592 0 0 40 5 0 0 0.5
w 640 192 800 192 0
w 800 192 800 656 0
w 640 304 784 304 0
w 784 304 784 688 0
w 800 656 912 656 0
w 784 688 864 688 0
w 1056 592 1056 640 0
w 1056 640 816 640 0
w 1056 640 1264 640 0
t 864 784 864 800 0 1 0.0977400750502739 0.15803860064524997 100 default
t 912 784 912 800 0 1 -0.4388890300155156 0.15181228846256709 100 default
t 976 784 976 800 0 1 0.6330715916153262 0.6509998440730588 100 default
t 1040 784 1040 800 0 1 -0.5046072866610262 0.14011035339183195 100 default
t 1120 784 1120 800 0 1 -0.45053507990951436 0.19418256014334373 100 default
r 864 784 864 768 0 1000
r 912 784 912 768 0 1000
r 1040 784 1040 768 0 1000
r 1120 784 1120 768 0 1000
r 944 720 944 736 0 1000
R 944 720 944 704 0 0 40 5 0 0 0.5
w 896 800 880 800 0
w 992 800 1024 800 0
w 992 800 992 816 0
w 992 816 1104 816 0
w 1104 800 1104 816 0
w 1056 800 1088 800 0
w 1088 800 1088 736 0
w 1088 736 1152 736 0
w 1136 800 1152 800 0
w 1152 736 1152 800 0
w 944 736 944 752 0
w 944 800 928 800 0
w 944 752 944 800 0
w 944 752 976 752 0
w 976 752 976 784 0
g 848 800 848 816 0 0
g 960 800 960 816 0 0
w 864 688 1040 688 0
w 864 688 864 768 0
w 912 656 1120 656 0
w 912 656 912 768 0
w 1040 688 1248 688 0
w 1040 688 1040 768 0
w 1120 656 1248 656 0
w 1120 656 1120 768 0
r 1184 720 1184 704 0 1000
R 1184 704 1184 688 0 0 40 5 0 0 0.5
w 1184 720 1184 736 0
w 1184 736 1152 736 0
t 1216 768 1216 784 0 1 0.6327041433515456 0.6626458925105906 100 default
w 1184 736 1216 736 0
w 1216 736 1216 768 0
g 1200 784 1200 800 0 0
r 1264 704 1264 720 0 1000
w 1232 784 1248 784 0
w 1264 720 1264 784 0
w 1264 784 1248 784 0
R 1264 704 1264 688 0 0 40 5 0 0 0.5
