$ 1 0.000005 10.20027730826997 50 5 50 5e-11
s 128 144 176 144 0 1 false
s 224 144 272 144 0 1 false
s 320 144 368 144 0 1 false
s 416 144 464 144 0 1 false
s 128 352 176 352 0 1 false
s 224 352 272 352 0 1 false
s 320 352 368 352 0 1 false
s 416 352 464 352 0 1 false
R 128 144 112 144 0 0 40 5 0 0 0.5
R 224 144 208 144 0 0 40 5 0 0 0.5
R 320 144 304 144 0 0 40 5 0 0 0.5
R 416 144 400 144 0 0 40 5 0 0 0.5
R 128 352 112 352 0 0 40 5 0 0 0.5
R 224 352 208 352 0 0 40 5 0 0 0.5
R 320 352 304 352 0 0 40 5 0 0 0.5
R 416 352 400 352 0 0 40 5 0 0 0.5
w 176 352 176 272 0
w 176 144 176 224 0
w 272 352 272 288 0
w 368 352 368 304 0
w 464 352 464 320 0
w 272 144 272 208 0
w 368 144 368 192 0
w 464 144 464 176 0
w 176 224 464 224 0
w 272 208 464 208 0
w 368 192 464 192 0
w 176 272 464 272 0
w 272 288 464 288 0
w 368 304 464 304 0
t 544 368 544 384 0 1 -4.606027413680882 0.21872379041346593 100 default
t 592 368 592 384 0 1 -4.606028232284241 0.21872361139119537 100 default
t 640 368 640 384 0 1 -4.606025823353277 0.2187238233023186 100 default
t 688 368 688 384 0 1 -4.6060285663711475 0.21872260194978915 100 default
162 560 432 560 416 2 default-led 1 0 0 0.01
162 608 432 608 416 2 default-led 1 0 0 0.01
162 656 432 656 416 2 default-led 1 0 0 0.01
162 704 432 704 416 2 default-led 1 0 0 0.01
R 560 432 560 448 0 0 40 5 0 0 0.5
R 608 432 608 448 0 0 40 5 0 0 0.5
R 656 432 656 448 0 0 40 5 0 0 0.5
R 704 432 704 448 0 0 40 5 0 0 0.5
w 560 416 560 384 0
w 608 416 608 384 0
w 656 416 656 384 0
w 704 416 704 384 0
g 528 384 528 400 0 0
g 576 384 576 400 0 0
g 624 384 624 400 0 0
g 672 384 672 400 0 0
r 544 368 544 352 0 1000
r 592 368 592 352 0 1000
r 640 368 640 352 0 1000
r 688 368 688 352 0 1000
w 464 320 688 320 0
w 688 320 688 352 0
w 464 304 640 304 0
w 640 304 640 352 0
w 464 288 592 288 0
w 592 288 592 352 0
w 464 272 544 272 0
w 544 272 544 352 0
t 544 112 544 96 0 1 -4.606026834279317 0.21872402624582954 100 default
t 592 112 592 96 0 1 -4.6060308656339455 0.21872232796513336 100 default
t 640 112 640 96 0 1 -4.606028630106246 0.21872203823214817 100 default
t 688 112 688 96 0 1 -4.606028883064429 0.21872237297552843 100 default
r 544 112 544 128 0 1000
r 592 112 592 128 0 1000
r 640 112 640 128 0 1000
r 688 112 688 128 0 1000
g 528 96 528 80 0 0
g 576 96 576 80 0 0
g 624 96 624 80 0 0
g 672 96 672 80 0 0
162 704 48 704 64 2 default-led 1 0 0 0.01
162 656 48 656 64 2 default-led 1 0 0 0.01
162 608 48 608 64 2 default-led 1 0 0 0.01
162 560 48 560 64 2 default-led 1 0 0 0.01
R 560 48 560 32 0 0 40 5 0 0 0.5
R 608 48 608 32 0 0 40 5 0 0 0.5
R 656 48 656 32 0 0 40 5 0 0 0.5
R 704 48 704 32 0 0 40 5 0 0 0.5
w 560 64 560 96 0
w 608 64 608 96 0
w 656 64 656 96 0
w 704 64 704 96 0
w 464 176 688 176 0
w 688 176 688 128 0
w 464 192 640 192 0
w 640 192 640 128 0
w 464 208 592 208 0
w 592 208 592 128 0
w 464 224 544 224 0
w 544 128 544 224 0
