$ 1 0.000005 10.20027730826997 50 5 50 5e-11
150 576 208 640 208 0 2 0 5
152 416 192 480 192 0 2 0 5
I 416 272 464 272 0 0.5 5
w 480 192 576 192 0
w 640 208 688 208 0
w 688 208 688 128 0
w 688 128 400 128 0
w 400 128 400 176 0
w 400 176 416 176 0
w 464 272 544 272 0
w 544 272 544 224 0
w 544 224 576 224 0
s 128 192 176 192 0 1 false
w 368 208 416 208 0
s 128 256 176 256 0 1 false
w 368 272 416 272 0
R 128 192 112 192 0 0 40 5 0 0 0.5
R 128 256 112 256 0 0 40 5 0 0 0.5
162 752 208 768 208 2 default-led 1 0 0 0.01
w 688 208 752 208 0
g 768 208 784 208 0 0
150 304 208 368 208 0 2 0 5
150 304 272 368 272 0 2 0 5
w 176 192 192 192 0
w 176 256 176 288 0
w 176 288 304 288 0
w 176 256 176 224 0
w 176 224 304 224 0
w 192 192 304 192 0
w 192 192 192 256 0
I 256 256 288 256 0 0.5 5
w 192 256 256 256 0
w 288 256 304 256 0
