$ 1 0.000005 10.20027730826997 50 5 50 5e-11
s 512 112 560 112 0 1 false
s 512 272 560 272 0 1 false
R 512 272 496 272 0 0 40 5 0 0 0.5
R 512 112 496 112 0 0 40 5 0 0 0.5
t 688 160 688 176 0 1 -0.0060547234732150484 0.08531614633824829 100 default
t 752 160 752 176 0 1 -2.788157695444009 -0.05315064466156063 100 default
w 704 176 736 176 0
g 672 176 672 192 0 0
r 688 160 688 144 0 1000
r 752 160 752 144 0 1000
r 816 144 816 128 0 1000
t 848 192 848 208 0 1 0.6145356244512559 0.6527558468237983 100 default
g 832 208 832 224 0 0
r 848 192 848 176 0 1000
r 896 128 896 144 0 1000
R 816 128 816 112 0 0 40 5 0 0 0.5
R 896 128 896 112 0 0 40 5 0 0 0.5
w 864 208 896 208 0
w 896 208 896 160 0
w 768 176 816 176 0
w 816 176 816 160 0
w 816 160 816 144 0
w 816 160 848 160 0
w 848 160 848 176 0
t 688 320 688 336 0 1 -1.2709443263652513 0.18681310906576198 100 default
t 752 320 752 336 0 1 -1.1817906531284228 0.18682976479682756 100 default
t 848 336 848 352 0 1 0.6145356236366251 0.6527558464588158 100 default
r 688 320 688 304 0 1000
r 752 320 752 304 0 1000
r 848 336 848 320 0 1000
w 560 272 688 272 0
w 688 272 688 304 0
w 560 112 688 112 0
w 688 144 688 112 0
w 704 336 736 336 0
g 672 336 672 352 0 0
g 832 352 832 368 0 0
r 800 272 800 288 0 1000
r 896 272 896 288 0 1000
w 800 288 800 304 0
w 800 336 768 336 0
w 800 304 800 336 0
w 800 304 848 304 0
w 848 304 848 320 0
w 864 352 896 352 0
w 896 352 896 304 0
R 800 272 800 256 0 0 40 5 0 0 0.5
R 896 272 896 256 0 0 40 5 0 0 0.5
t 1056 192 1056 208 0 1 -0.013244434518795617 0.03822022242209596 100 default
t 1120 192 1120 208 0 1 0.5937224177315145 0.645187074672406 100 default
t 1056 320 1056 336 0 1 -2.788157691545515 0.03822022570658346 100 default
t 1136 320 1136 336 0 1 -2.7881576921073643 0.038220225144734214 100 default
r 1056 320 1056 304 0 1000
r 1136 320 1136 304 0 1000
r 1056 192 1056 176 0 1000
r 1120 192 1120 176 0 1000
r 1200 304 1200 288 0 1000
r 1184 176 1184 160 0 1000
w 1104 208 1104 224 0
w 1104 224 1040 224 0
w 1040 224 1040 208 0
w 1072 208 1088 208 0
w 1088 208 1088 160 0
w 1088 160 1152 160 0
w 1152 160 1152 192 0
w 1152 208 1136 208 0
w 1152 192 1152 208 0
w 1152 192 1184 192 0
w 1184 192 1184 176 0
w 1120 336 1120 352 0
w 1120 352 1040 352 0
w 1040 352 1040 336 0
w 1072 336 1104 336 0
w 1104 336 1104 288 0
w 1104 288 1168 288 0
w 1168 288 1168 320 0
w 1152 336 1168 336 0
w 1168 320 1168 336 0
w 1168 320 1200 320 0
w 1200 320 1200 304 0
w 896 304 896 288 0
w 896 304 1056 304 0
w 896 160 896 144 0
w 896 160 1056 160 0
w 1056 160 1056 176 0
R 1184 160 1184 144 0 0 40 5 0 0 0.5
R 1200 288 1200 272 0 0 40 5 0 0 0.5
g 1040 224 1040 240 0 0
g 1040 352 1040 368 0 0
t 1216 208 1216 224 0 1 -2.7749132603308104 0.05146465980897692 100 default
r 1216 208 1216 192 0 1000
r 1248 336 1248 320 0 1000
t 1248 336 1248 352 0 1 0.6145356244105329 0.652755846809824 100 default
w 1184 176 1216 176 0
w 1216 176 1216 192 0
w 1200 304 1248 304 0
w 1248 304 1248 320 0
g 1232 352 1232 368 0 0
g 1200 224 1200 240 0 0
r 1264 160 1264 176 0 1000
r 1296 304 1296 320 0 1000
R 1264 160 1264 144 0 0 40 5 0 0 0.5
R 1296 304 1296 288 0 0 40 5 0 0 0.5
w 1296 320 1296 336 0
w 1296 352 1264 352 0
w 1264 176 1264 192 0
w 1264 224 1232 224 0
t 1328 208 1328 224 0 1 0.6145356244518895 0.6527558467122311 100 default
t 1344 336 1344 352 0 1 -1.6063669762159842 0.038220224101893165 100 default
r 1344 336 1344 320 0 1000
r 1328 208 1328 192 0 1000
g 1328 352 1328 368 0 0
g 1312 224 1312 240 0 0
w 1264 192 1264 224 0
w 1264 192 1328 192 0
w 1296 336 1296 352 0
w 1296 336 1312 336 0
w 1312 336 1312 304 0
w 1312 304 1344 304 0
w 1344 304 1344 320 0
r 1392 304 1392 320 0 1000
r 1376 176 1376 192 0 1000
R 1376 176 1376 160 0 0 40 5 0 0 0.5
R 1392 304 1392 288 0 0 40 5 0 0 0.5
w 1392 320 1392 336 0
w 1392 352 1360 352 0
w 1376 192 1376 208 0
w 1376 224 1344 224 0
w 1376 208 1376 224 0
w 1376 208 1440 208 0
w 1392 336 1392 352 0
w 1392 336 1440 336 0
w 1440 208 1504 208 0
w 1440 208 1440 80 0
w 1440 80 752 80 0
w 752 80 752 144 0
w 1440 336 1504 336 0
w 1440 336 1440 416 0
w 1440 416 800 416 0
w 800 416 784 416 0
w 784 416 784 272 0
w 784 272 752 272 0
w 752 272 752 304 0
w 1440 208 1440 256 0
w 1440 256 1136 256 0
w 1136 256 1136 304 0
w 1440 336 1440 272 0
w 1440 272 1168 272 0
w 1168 272 1168 144 0
w 1168 144 1120 144 0
w 1120 144 1120 176 0
162 1504 208 1520 208 2 default-led 1 0 0 0.01
162 1504 336 1520 336 2 default-led 1 0 0 0.01
g 1520 208 1536 208 0 0
g 1520 336 1536 336 0 0
