$ 1 0.000005 10.20027730826997 50 5 50 5e-11
s 256 208 320 208 0 0 false
s 256 272 320 272 0 0 false
R 256 208 240 208 0 0 40 5 0 0 0.5
R 256 272 240 272 0 0 40 5 0 0 0.5
t 656 96 656 112 0 1 0.6324029328458219 0.6696578329517006 100 default
t 736 96 736 112 0 1 0.6324819818959542 0.6624339504501242 100 default
t 656 192 656 208 0 1 0.6330715918472875 0.6509998436764732 100 default
t 736 192 736 208 0 1 -0.6327041437931784 0.012013497601697787 100 default
t 656 288 656 304 0 1 0.6330715918472873 0.6509998436764731 100 default
t 736 288 736 304 0 1 -0.6327041437931785 0.012013497601697714 100 default
t 704 448 704 464 0 1 -0.06814687498747377 0.02994174885626004 100 default
t 784 448 784 464 0 1 -0.6327041437917305 -0.0681468744105246 100 default
r 656 96 656 80 0 1000
r 736 96 736 80 0 1000
r 656 192 656 176 0 1000
r 736 192 736 176 0 1000
r 656 288 656 272 0 1000
r 736 288 736 272 0 1000
r 704 448 704 432 0 1000
r 784 448 784 432 0 1000
t 368 352 368 368 0 1 -2.084423139526506 0.7520882089532329 100 default
t 448 352 448 368 0 1 -2.0844231395265362 0.7520882089532277 100 default
g 352 368 352 384 0 0
g 432 368 432 384 0 0
r 368 352 368 336 0 1000
r 448 352 448 336 0 1000
w 320 272 368 272 0
w 368 272 368 336 0
w 320 208 448 208 0
w 448 208 448 224 0
162 384 416 384 400 2 default-led 1 0 0 0.01
162 464 416 464 400 2 default-led 1 0 0 0.01
w 384 400 384 368 0
w 464 400 464 368 0
R 384 416 384 432 0 0 40 5 0 0 0.5
R 464 416 464 432 0 0 40 5 0 0 0.5
w 448 208 448 176 0
w 448 -16 736 -16 0
w 736 -16 736 80 0
w 368 272 464 272 0
w 464 272 464 96 0
w 464 0 656 0 0
w 656 0 656 80 0
t 512 112 512 128 0 1 0.632704144596284 0.6626458932951748 100 default
t 576 256 576 272 0 1 0.632704144596284 0.6626458932951748 100 default
t 544 432 544 448 0 1 0.6327041445963248 0.6626458932940937 100 default
t 624 432 624 448 0 1 0.6327041445962838 0.6626458932951791 100 default
r 544 432 544 416 0 1000
r 624 432 624 416 0 1000
r 576 256 576 240 0 1000
w 672 112 720 112 0
r 512 112 512 96 0 1000
r 560 96 560 112 0 1000
R 560 96 560 80 0 0 40 5 0 0 0.5
w 528 128 560 128 0
w 560 128 560 112 0
w 464 96 464 64 0
w 512 64 512 96 0
w 560 128 608 128 0
w 656 160 736 160 0
w 736 160 736 176 0
w 448 176 448 -16 0
w 448 176 656 176 0
g 496 128 496 144 0 0
w 464 64 464 0 0
w 464 64 512 64 0
w 608 128 608 160 0
w 608 160 656 160 0
w 672 208 720 208 0
w 448 224 448 320 0
w 448 224 576 224 0
w 576 224 576 240 0
r 608 256 608 240 0 1000
R 608 240 608 224 0 0 40 5 0 0 0.5
w 592 272 608 272 0
w 608 272 608 256 0
w 608 256 736 256 0
w 736 256 736 272 0
w 464 272 528 272 0
w 528 272 528 320 0
w 528 320 608 320 0
w 608 320 608 304 0
w 608 304 624 304 0
w 624 304 624 272 0
w 624 272 656 272 0
w 672 304 720 304 0
r 576 384 576 400 0 1000
r 656 384 656 400 0 1000
R 576 384 576 368 0 0 40 5 0 0 0.5
R 672 384 672 368 0 0 40 5 0 0 0.5
g 528 448 528 464 0 0
g 560 272 560 288 0 0
g 608 448 608 464 0 0
w 560 448 576 448 0
w 576 448 576 400 0
w 640 448 656 448 0
w 656 448 656 416 0
w 464 272 464 336 0
w 480 368 624 368 0
w 624 368 624 416 0
w 464 336 480 336 0
w 480 336 480 368 0
w 448 320 448 336 0
w 448 320 496 320 0
w 496 320 496 336 0
w 496 336 544 336 0
w 544 336 544 416 0
w 656 416 784 416 0
w 784 416 784 432 0
w 576 448 576 496 0
w 576 496 672 496 0
w 672 496 672 400 0
w 672 400 704 400 0
w 704 400 704 432 0
g 688 464 688 480 0 0
w 720 464 768 464 0
g 640 304 640 320 0 0
g 640 208 640 224 0 0
g 640 112 640 128 0 0
R 656 384 656 368 0 0 40 5 0 0 0.5
w 656 416 656 400 0
t 864 448 864 464 0 1 0.6327041445909247 0.6626458932249397 100 default
t 832 288 832 304 0 1 0.6327041445895298 0.6626458932240621 100 default
t 816 192 816 208 0 1 0.6327041445895298 0.662645893224062 100 default
t 832 96 832 112 0 1 -1.610576169498441 0.0672068686600486 100 default
r 784 64 784 48 0 1000
r 784 160 784 144 0 1000
r 784 256 784 240 0 1000
r 832 400 832 384 0 1000
R 784 48 784 32 0 0 40 5 0 0 0.5
R 784 144 784 128 0 0 40 5 0 0 0.5
R 784 240 784 224 0 0 40 5 0 0 0.5
R 832 384 832 368 0 0 40 5 0 0 0.5
w 752 112 784 112 0
w 784 112 784 64 0
w 784 64 832 64 0
w 832 64 832 96 0
w 784 160 816 160 0
w 816 160 816 192 0
w 784 160 784 208 0
w 784 208 752 208 0
w 784 256 784 304 0
w 784 304 768 304 0
w 768 304 752 304 0
w 784 256 832 256 0
w 832 256 832 288 0
w 832 400 832 464 0
w 832 464 800 464 0
w 832 400 864 400 0
w 864 400 864 448 0
g 848 464 848 480 0 0
g 816 304 816 320 0 0
g 800 208 800 224 0 0
g 816 112 816 128 0 0
r 880 48 880 64 0 1000
r 880 144 880 160 0 1000
r 880 240 880 256 0 1000
r 896 400 896 416 0 1000
w 880 464 896 464 0
w 896 464 896 432 0
w 848 304 864 304 0
w 864 304 880 304 0
w 880 304 880 288 0
w 832 208 880 208 0
w 880 208 880 176 0
w 848 112 880 112 0
w 880 112 880 80 0
R 880 48 880 32 0 0 40 5 0 0 0.5
R 880 144 880 128 0 0 40 5 0 0 0.5
R 880 240 880 224 0 0 40 5 0 0 0.5
R 896 400 896 384 0 0 40 5 0 0 0.5
162 928 416 944 416 2 default-led 1 0 0 0.01
162 928 288 944 288 2 default-led 1 0 0 0.01
162 928 176 944 176 2 default-led 1 0 0 0.01
162 928 80 944 80 2 default-led 1 0 0 0.01
w 880 80 880 64 0
w 880 80 928 80 0
w 880 176 880 160 0
w 880 176 928 176 0
w 880 288 880 256 0
w 880 288 928 288 0
w 896 432 896 416 0
w 896 432 912 432 0
w 912 432 912 416 0
w 912 416 928 416 0
g 944 80 960 80 0 0
g 944 176 960 176 0 0
g 944 288 960 288 0 0
g 944 416 960 416 0 0
