$ 1 0.000005 10.20027730826997 50 5 50 5e-11
s -256 16 -192 16 0 0 false
s -144 16 -80 16 0 0 false
R -144 16 -160 16 0 0 40 5 0 0 0.5
R -256 16 -272 16 0 0 40 5 0 0 0.5
s -416 144 -368 144 0 1 false
s -336 144 -288 144 0 1 false
s -256 144 -208 144 0 1 false
s -176 144 -128 144 0 1 false
R -416 144 -432 144 0 0 40 5 0 0 0.5
R -336 144 -352 144 0 0 40 5 0 0 0.5
R -256 144 -272 144 0 0 40 5 0 0 0.5
R -176 144 -192 144 0 0 40 5 0 0 0.5
162 16 144 48 144 2 default-led 1 0 0 0.01
162 64 144 96 144 2 default-led 1 0 0 0.01
162 112 144 144 144 2 default-led 1 0 0 0.01
162 160 144 192 144 2 default-led 1 0 0 0.01
g 48 144 48 128 0 0
g 96 144 96 128 0 0
g 144 144 144 128 0 0
g 192 144 192 128 0 0
150 -48 240 16 240 0 2 0 5
150 -48 304 16 304 0 2 0 5
150 -48 368 16 368 0 2 0 5
150 -48 432 16 432 0 2 0 5
w -80 224 -80 288 0
w -80 352 -80 416 0
w -80 288 -80 352 0
w -80 224 -48 224 0
w -80 288 -48 288 0
w -80 352 -48 352 0
w -80 416 -48 416 0
w -368 144 -368 448 0
w -368 448 -48 448 0
w -288 144 -288 384 0
w -288 384 -48 384 0
w -208 144 -208 320 0
w -208 320 -48 320 0
w -128 144 -128 256 0
w -128 256 -48 256 0
w 16 240 16 208 0
w 16 304 64 304 0
w 64 304 64 224 0
w 16 368 112 368 0
w 112 144 112 240 0
w 160 144 160 256 0
w 16 432 160 432 0
w 16 208 16 144 0
w 16 208 288 208 0
w 64 224 64 144 0
w 64 224 288 224 0
w 112 256 112 368 0
w 112 240 288 240 0
w 112 240 112 256 0
w 160 256 160 432 0
w 160 256 288 256 0
150 704 160 768 160 0 2 0 5
150 704 224 768 224 0 2 0 5
152 784 144 848 144 0 2 0 5
I 784 224 832 224 0 0.5 5
150 864 160 928 160 0 2 0 5
w 768 160 784 160 0
w 768 224 784 224 0
w 832 224 848 224 0
w 848 224 864 224 0
w 864 224 864 176 0
w 848 144 864 144 0
w 928 160 944 160 0
w 944 160 944 96 0
w 944 96 768 96 0
w 768 96 768 128 0
w 768 128 784 128 0
w 704 144 656 144 0
w 704 176 656 176 0
I 656 208 704 208 0 0.5 5
w 704 240 656 240 0
w 656 176 640 176 0
w 656 240 640 240 0
w 640 240 640 176 0
w 656 208 656 144 0
w 656 144 640 144 0
w 640 176 624 176 0
w 640 144 624 144 0
w 640 352 624 352 0
w 640 384 624 384 0
w 656 352 640 352 0
w 656 416 656 352 0
w 640 448 640 384 0
w 656 448 640 448 0
w 656 384 640 384 0
w 704 448 656 448 0
I 656 416 704 416 0 0.5 5
w 704 384 656 384 0
w 704 352 656 352 0
w 768 336 784 336 0
w 768 304 768 336 0
w 944 304 768 304 0
w 944 368 944 304 0
w 928 368 944 368 0
w 848 352 864 352 0
w 864 432 864 384 0
w 848 432 864 432 0
w 832 432 848 432 0
w 768 432 784 432 0
w 768 368 784 368 0
150 864 368 928 368 0 2 0 5
I 784 432 832 432 0 0.5 5
152 784 352 848 352 0 2 0 5
150 704 432 768 432 0 2 0 5
150 704 368 768 368 0 2 0 5
w 1200 144 1184 144 0
w 1200 176 1184 176 0
w 1216 144 1200 144 0
w 1216 208 1216 144 0
w 1200 240 1200 176 0
w 1216 240 1200 240 0
w 1216 176 1200 176 0
w 1264 240 1216 240 0
I 1216 208 1264 208 0 0.5 5
w 1264 176 1216 176 0
w 1264 144 1216 144 0
w 1328 128 1344 128 0
w 1328 96 1328 128 0
w 1504 96 1328 96 0
w 1504 160 1504 96 0
w 1488 160 1504 160 0
w 1408 144 1424 144 0
w 1424 224 1424 176 0
w 1408 224 1424 224 0
w 1392 224 1408 224 0
w 1328 224 1344 224 0
w 1328 160 1344 160 0
150 1424 160 1488 160 0 2 0 5
I 1344 224 1392 224 0 0.5 5
152 1344 144 1408 144 0 2 0 5
150 1264 224 1328 224 0 2 0 5
150 1264 160 1328 160 0 2 0 5
w 1200 352 1184 352 0
w 1200 384 1184 384 0
w 1216 352 1200 352 0
w 1216 416 1216 352 0
w 1200 448 1200 384 0
w 1216 448 1200 448 0
w 1216 384 1200 384 0
w 1264 448 1216 448 0
I 1216 416 1264 416 0 0.5 5
w 1264 384 1216 384 0
w 1264 352 1216 352 0
w 1328 336 1344 336 0
w 1328 304 1328 336 0
w 1504 304 1328 304 0
w 1504 368 1504 304 0
w 1488 368 1504 368 0
w 1408 352 1424 352 0
w 1424 432 1424 384 0
w 1408 432 1424 432 0
w 1392 432 1408 432 0
w 1328 432 1344 432 0
w 1328 368 1344 368 0
150 1424 368 1488 368 0 2 0 5
I 1344 432 1392 432 0 0.5 5
152 1344 352 1408 352 0 2 0 5
150 1264 432 1328 432 0 2 0 5
150 1264 368 1328 368 0 2 0 5
150 1264 848 1328 848 0 2 0 5
150 1264 912 1328 912 0 2 0 5
152 1344 832 1408 832 0 2 0 5
I 1344 912 1392 912 0 0.5 5
150 1424 848 1488 848 0 2 0 5
w 1328 848 1344 848 0
w 1328 912 1344 912 0
w 1392 912 1408 912 0
w 1408 912 1424 912 0
w 1424 912 1424 864 0
w 1408 832 1424 832 0
w 1488 848 1504 848 0
w 1504 848 1504 784 0
w 1504 784 1328 784 0
w 1328 784 1328 816 0
w 1328 816 1344 816 0
w 1264 832 1216 832 0
w 1264 864 1216 864 0
I 1216 896 1264 896 0 0.5 5
w 1264 928 1216 928 0
w 1216 864 1200 864 0
w 1216 928 1200 928 0
w 1200 928 1200 864 0
w 1216 896 1216 832 0
w 1216 832 1200 832 0
w 1200 864 1184 864 0
w 1200 832 1184 832 0
150 1264 640 1328 640 0 2 0 5
150 1264 704 1328 704 0 2 0 5
152 1344 624 1408 624 0 2 0 5
I 1344 704 1392 704 0 0.5 5
150 1424 640 1488 640 0 2 0 5
w 1328 640 1344 640 0
w 1328 704 1344 704 0
w 1392 704 1408 704 0
w 1408 704 1424 704 0
w 1424 704 1424 656 0
w 1408 624 1424 624 0
w 1488 640 1504 640 0
w 1504 640 1504 576 0
w 1504 576 1328 576 0
w 1328 576 1328 608 0
w 1328 608 1344 608 0
w 1264 624 1216 624 0
w 1264 656 1216 656 0
I 1216 688 1264 688 0 0.5 5
w 1264 720 1216 720 0
w 1216 656 1200 656 0
w 1216 720 1200 720 0
w 1200 720 1200 656 0
w 1216 688 1216 624 0
w 1216 624 1200 624 0
w 1200 656 1184 656 0
w 1200 624 1184 624 0
150 704 848 768 848 0 2 0 5
150 704 912 768 912 0 2 0 5
152 784 832 848 832 0 2 0 5
I 784 912 832 912 0 0.5 5
150 864 848 928 848 0 2 0 5
w 768 848 784 848 0
w 768 912 784 912 0
w 832 912 848 912 0
w 848 912 864 912 0
w 864 912 864 864 0
w 848 832 864 832 0
w 928 848 944 848 0
w 944 848 944 784 0
w 944 784 768 784 0
w 768 784 768 816 0
w 768 816 784 816 0
w 704 832 656 832 0
w 704 864 656 864 0
I 656 896 704 896 0 0.5 5
w 704 928 656 928 0
w 656 864 640 864 0
w 656 928 640 928 0
w 640 928 640 864 0
w 656 896 656 832 0
w 656 832 640 832 0
w 640 864 624 864 0
w 640 832 624 832 0
w 640 624 624 624 0
w 640 656 624 656 0
w 656 624 640 624 0
w 656 688 656 624 0
w 640 720 640 656 0
w 656 720 640 720 0
w 656 656 640 656 0
w 704 720 656 720 0
I 656 688 704 688 0 0.5 5
w 704 656 656 656 0
w 704 624 656 624 0
w 768 608 784 608 0
w 768 576 768 608 0
w 944 576 768 576 0
w 944 640 944 576 0
w 928 640 944 640 0
w 848 624 864 624 0
w 864 704 864 656 0
w 848 704 864 704 0
w 832 704 848 704 0
w 768 704 784 704 0
w 768 640 784 640 0
150 864 640 928 640 0 2 0 5
I 784 704 832 704 0 0.5 5
152 784 624 848 624 0 2 0 5
150 704 704 768 704 0 2 0 5
150 704 640 768 640 0 2 0 5
150 1264 1312 1328 1312 0 2 0 5
150 1264 1376 1328 1376 0 2 0 5
152 1344 1296 1408 1296 0 2 0 5
I 1344 1376 1392 1376 0 0.5 5
150 1424 1312 1488 1312 0 2 0 5
w 1328 1312 1344 1312 0
w 1328 1376 1344 1376 0
w 1392 1376 1408 1376 0
w 1408 1376 1424 1376 0
w 1424 1376 1424 1328 0
w 1408 1296 1424 1296 0
w 1488 1312 1504 1312 0
w 1504 1312 1504 1248 0
w 1504 1248 1328 1248 0
w 1328 1248 1328 1280 0
w 1328 1280 1344 1280 0
w 1264 1296 1216 1296 0
w 1264 1328 1216 1328 0
I 1216 1360 1264 1360 0 0.5 5
w 1264 1392 1216 1392 0
w 1216 1328 1200 1328 0
w 1216 1392 1200 1392 0
w 1200 1392 1200 1328 0
w 1216 1360 1216 1296 0
w 1216 1296 1200 1296 0
w 1200 1328 1184 1328 0
w 1200 1296 1184 1296 0
150 1264 1104 1328 1104 0 2 0 5
150 1264 1168 1328 1168 0 2 0 5
152 1344 1088 1408 1088 0 2 0 5
I 1344 1168 1392 1168 0 0.5 5
150 1424 1104 1488 1104 0 2 0 5
w 1328 1104 1344 1104 0
w 1328 1168 1344 1168 0
w 1392 1168 1408 1168 0
w 1408 1168 1424 1168 0
w 1424 1168 1424 1120 0
w 1408 1088 1424 1088 0
w 1488 1104 1504 1104 0
w 1504 1104 1504 1040 0
w 1504 1040 1328 1040 0
w 1328 1040 1328 1072 0
w 1328 1072 1344 1072 0
w 1264 1088 1216 1088 0
w 1264 1120 1216 1120 0
I 1216 1152 1264 1152 0 0.5 5
w 1264 1184 1216 1184 0
w 1216 1120 1200 1120 0
w 1216 1184 1200 1184 0
w 1200 1184 1200 1120 0
w 1216 1152 1216 1088 0
w 1216 1088 1200 1088 0
w 1200 1120 1184 1120 0
w 1200 1088 1184 1088 0
150 704 1312 768 1312 0 2 0 5
150 704 1376 768 1376 0 2 0 5
152 784 1296 848 1296 0 2 0 5
I 784 1376 832 1376 0 0.5 5
150 864 1312 928 1312 0 2 0 5
w 768 1312 784 1312 0
w 768 1376 784 1376 0
w 832 1376 848 1376 0
w 848 1376 864 1376 0
w 864 1376 864 1328 0
w 848 1296 864 1296 0
w 928 1312 944 1312 0
w 944 1312 944 1248 0
w 944 1248 768 1248 0
w 768 1248 768 1280 0
w 768 1280 784 1280 0
w 704 1296 656 1296 0
w 704 1328 656 1328 0
I 656 1360 704 1360 0 0.5 5
w 704 1392 656 1392 0
w 656 1328 640 1328 0
w 656 1392 640 1392 0
w 640 1392 640 1328 0
w 656 1360 656 1296 0
w 656 1296 640 1296 0
w 640 1328 624 1328 0
w 640 1296 624 1296 0
w 640 1088 624 1088 0
w 640 1120 624 1120 0
w 656 1088 640 1088 0
w 656 1152 656 1088 0
w 640 1184 640 1120 0
w 656 1184 640 1184 0
w 656 1120 640 1120 0
w 704 1184 656 1184 0
I 656 1152 704 1152 0 0.5 5
w 704 1120 656 1120 0
w 704 1088 656 1088 0
w 768 1072 784 1072 0
w 768 1040 768 1072 0
w 944 1040 768 1040 0
w 944 1104 944 1040 0
w 928 1104 944 1104 0
w 848 1088 864 1088 0
w 864 1168 864 1120 0
w 848 1168 864 1168 0
w 832 1168 848 1168 0
w 768 1168 784 1168 0
w 768 1104 784 1104 0
150 864 1104 928 1104 0 2 0 5
I 784 1168 832 1168 0 0.5 5
152 784 1088 848 1088 0 2 0 5
150 704 1168 768 1168 0 2 0 5
150 704 1104 768 1104 0 2 0 5
150 1264 1760 1328 1760 0 2 0 5
150 1264 1824 1328 1824 0 2 0 5
152 1344 1744 1408 1744 0 2 0 5
I 1344 1824 1392 1824 0 0.5 5
150 1424 1760 1488 1760 0 2 0 5
w 1328 1760 1344 1760 0
w 1328 1824 1344 1824 0
w 1392 1824 1408 1824 0
w 1408 1824 1424 1824 0
w 1424 1824 1424 1776 0
w 1408 1744 1424 1744 0
w 1488 1760 1504 1760 0
w 1504 1760 1504 1696 0
w 1504 1696 1328 1696 0
w 1328 1696 1328 1728 0
w 1328 1728 1344 1728 0
w 1264 1744 1216 1744 0
w 1264 1776 1216 1776 0
I 1216 1808 1264 1808 0 0.5 5
w 1264 1840 1216 1840 0
w 1216 1776 1200 1776 0
w 1216 1840 1200 1840 0
w 1200 1840 1200 1776 0
w 1216 1808 1216 1744 0
w 1216 1744 1200 1744 0
w 1200 1776 1184 1776 0
w 1200 1744 1184 1744 0
150 1264 1552 1328 1552 0 2 0 5
150 1264 1616 1328 1616 0 2 0 5
152 1344 1536 1408 1536 0 2 0 5
I 1344 1616 1392 1616 0 0.5 5
150 1424 1552 1488 1552 0 2 0 5
w 1328 1552 1344 1552 0
w 1328 1616 1344 1616 0
w 1392 1616 1408 1616 0
w 1408 1616 1424 1616 0
w 1424 1616 1424 1568 0
w 1408 1536 1424 1536 0
w 1488 1552 1504 1552 0
w 1504 1552 1504 1488 0
w 1504 1488 1328 1488 0
w 1328 1488 1328 1520 0
w 1328 1520 1344 1520 0
w 1264 1536 1216 1536 0
w 1264 1568 1216 1568 0
I 1216 1600 1264 1600 0 0.5 5
w 1264 1632 1216 1632 0
w 1216 1568 1200 1568 0
w 1216 1632 1200 1632 0
w 1200 1632 1200 1568 0
w 1216 1600 1216 1536 0
w 1216 1536 1200 1536 0
w 1200 1568 1184 1568 0
w 1200 1536 1184 1536 0
150 704 1760 768 1760 0 2 0 5
150 704 1824 768 1824 0 2 0 5
152 784 1744 848 1744 0 2 0 5
I 784 1824 832 1824 0 0.5 5
150 864 1760 928 1760 0 2 0 5
w 768 1760 784 1760 0
w 768 1824 784 1824 0
w 832 1824 848 1824 0
w 848 1824 864 1824 0
w 864 1824 864 1776 0
w 848 1744 864 1744 0
w 928 1760 944 1760 0
w 944 1760 944 1696 0
w 944 1696 768 1696 0
w 768 1696 768 1728 0
w 768 1728 784 1728 0
w 704 1744 656 1744 0
w 704 1776 656 1776 0
I 656 1808 704 1808 0 0.5 5
w 704 1840 656 1840 0
w 656 1776 640 1776 0
w 656 1840 640 1840 0
w 640 1840 640 1776 0
w 656 1808 656 1744 0
w 656 1744 640 1744 0
w 640 1776 624 1776 0
w 640 1744 624 1744 0
w 640 1536 624 1536 0
w 640 1568 624 1568 0
w 656 1536 640 1536 0
w 656 1600 656 1536 0
w 640 1632 640 1568 0
w 656 1632 640 1632 0
w 656 1568 640 1568 0
w 704 1632 656 1632 0
I 656 1600 704 1600 0 0.5 5
w 704 1568 656 1568 0
w 704 1536 656 1536 0
w 768 1520 784 1520 0
w 768 1488 768 1520 0
w 944 1488 768 1488 0
w 944 1552 944 1488 0
w 928 1552 944 1552 0
w 848 1536 864 1536 0
w 864 1616 864 1568 0
w 848 1616 864 1616 0
w 832 1616 848 1616 0
w 768 1616 784 1616 0
w 768 1552 784 1552 0
150 864 1552 928 1552 0 2 0 5
I 784 1616 832 1616 0 0.5 5
152 784 1536 848 1536 0 2 0 5
150 704 1616 768 1616 0 2 0 5
150 704 1552 768 1552 0 2 0 5
w 944 160 976 160 0
s -256 96 -192 96 0 1 false
s -144 96 -80 96 0 1 false
R -144 96 -160 96 0 0 40 5 0 0 0.5
R -256 96 -272 96 0 0 40 5 0 0 0.5
w -80 96 -80 224 0
150 1120 176 1184 176 0 3 0 5
150 1120 384 1184 384 0 3 0 5
150 1120 656 1184 656 0 3 0 5
150 1120 864 1184 864 0 3 0 5
150 1120 1120 1184 1120 0 3 0 5
150 1120 1328 1184 1328 0 3 0 5
150 1120 1568 1184 1568 0 3 0 5
150 1120 1776 1184 1776 0 3 0 5
150 560 1776 624 1776 0 3 0 5
150 560 1568 624 1568 0 3 0 5
150 560 1328 624 1328 0 3 0 5
150 560 1120 624 1120 0 3 0 5
150 560 864 624 864 0 3 0 5
150 560 656 624 656 0 3 0 5
150 560 384 624 384 0 3 0 5
150 560 176 624 176 0 3 0 5
w -80 16 496 16 0
w 496 16 496 160 0
w -192 16 -192 0 0
w -192 0 480 0 0
w 480 0 480 192 0
w 496 160 528 160 0
w 480 192 480 400 0
w 480 192 528 192 0
w 496 160 496 368 0
w 496 640 528 640 0
w 496 640 496 848 0
w 496 1104 528 1104 0
w 496 1104 496 1312 0
w 496 1552 496 1760 0
w 496 1552 528 1552 0
x -286 -32 -53 -29 4 24 Direccion\sde\sMemoria
x -291 59 -90 62 4 24 Write/Read\sEnable
w 480 432 480 672 0
w 480 672 528 672 0
w 480 672 480 880 0
w 480 1136 528 1136 0
w 480 1136 480 1344 0
w 480 1584 528 1584 0
w 480 1584 480 1792 0
w 528 16 1056 16 0
w 512 0 1040 0 0
w 1040 0 1040 192 0
w 1040 192 1040 400 0
w 1040 400 1040 672 0
w 1040 672 1040 880 0
w 1040 880 1040 1136 0
w 1040 1136 1040 1344 0
w 1040 1344 1040 1584 0
w 1040 1584 1040 1792 0
w 1056 16 1056 160 0
w 1056 880 1056 1104 0
w 1056 160 1056 368 0
I 1072 160 1104 160 0 0.5 5
I 1072 640 1104 640 0 0.5 5
I 1072 1104 1104 1104 0 0.5 5
I 1072 1552 1104 1552 0 0.5 5
w 1056 160 1072 160 0
w 1056 368 1056 640 0
w 1056 640 1056 848 0
w 1056 640 1072 640 0
w 1056 1104 1056 1312 0
w 1056 1104 1072 1104 0
w 1056 1552 1056 1760 0
w 1056 1552 1072 1552 0
w 1040 1584 1104 1584 0
w 1040 1136 1104 1136 0
w 1040 672 1104 672 0
w 1040 192 1104 192 0
w 1104 160 1120 160 0
w 1104 192 1120 192 0
w 1104 640 1120 640 0
w 1104 672 1120 672 0
w 1104 1104 1120 1104 0
w 1104 1136 1120 1136 0
w 1104 1552 1120 1552 0
w 1104 1584 1120 1584 0
I 1072 368 1104 368 0 0.5 5
I 1072 400 1104 400 0 0.5 5
I 1072 880 1104 880 0 0.5 5
I 1072 848 1104 848 0 0.5 5
I 1072 1344 1104 1344 0 0.5 5
I 1072 1312 1104 1312 0 0.5 5
I 1072 1792 1104 1792 0 0.5 5
I 1072 1760 1104 1760 0 0.5 5
w 1040 1792 1040 1808 0
w 1056 1792 1056 1808 0
w 1056 1760 1056 1792 0
w 1056 1760 1072 1760 0
w 1040 1792 1072 1792 0
w 1040 1344 1072 1344 0
w 1056 1312 1056 1552 0
w 1056 1312 1072 1312 0
w 1040 880 1072 880 0
w 1056 848 1056 880 0
w 1056 848 1072 848 0
w 1040 400 1072 400 0
w 1056 368 1072 368 0
w 1104 368 1120 368 0
w 1104 400 1120 400 0
w 1104 848 1120 848 0
w 1104 880 1120 880 0
w 1104 1312 1120 1312 0
w 1104 1344 1120 1344 0
w 1104 1760 1120 1760 0
w 1104 1792 1120 1792 0
w 480 0 512 0 0
w 496 16 528 16 0
w 528 160 544 160 0
w 544 160 560 160 0
w 528 192 560 192 0
w 528 640 560 640 0
w 528 672 560 672 0
w 528 1104 560 1104 0
w 528 1136 560 1136 0
w 528 1552 560 1552 0
w 528 1584 560 1584 0
I 512 880 544 880 0 0.5 5
I 512 400 544 400 0 0.5 5
I 512 1344 544 1344 0 0.5 5
I 512 1792 544 1792 0 0.5 5
w 544 1792 560 1792 0
w 480 1792 480 1824 0
w 480 1792 512 1792 0
w 496 1760 496 1824 0
w 496 1760 560 1760 0
w 544 1344 560 1344 0
w 480 1344 480 1584 0
w 480 1344 512 1344 0
w 496 1312 496 1552 0
w 496 1312 560 1312 0
w 544 880 560 880 0
w 480 880 480 1136 0
w 480 880 512 880 0
w 496 848 496 1104 0
w 496 848 560 848 0
w 480 400 480 432 0
w 480 400 512 400 0
w 544 400 560 400 0
w 496 368 496 640 0
w 496 368 560 368 0
w -80 96 -64 96 0
w -64 96 -64 32 0
w -64 32 464 32 0
w 512 32 1024 32 0
w 464 32 512 32 0
w 464 32 464 176 0
w 464 176 560 176 0
w 464 176 464 384 0
w 464 384 560 384 0
w 464 384 464 656 0
w 464 656 560 656 0
w 464 656 464 864 0
w 464 864 560 864 0
w 464 864 464 1120 0
w 464 1120 560 1120 0
w 464 1120 464 1328 0
w 464 1328 560 1328 0
w 464 1328 464 1568 0
w 464 1568 560 1568 0
w 464 1568 464 1776 0
w 464 1776 560 1776 0
w 1024 32 1024 176 0
w 1024 176 1120 176 0
w 1024 176 1024 384 0
w 1024 384 1120 384 0
w 1024 384 1024 656 0
w 1024 656 1120 656 0
w 1024 656 1024 864 0
w 1024 864 1120 864 0
w 1024 864 1024 1120 0
w 1024 1120 1120 1120 0
w 1024 1120 1024 1328 0
w 1024 1328 1120 1328 0
w 1024 1328 1024 1568 0
w 1024 1568 1120 1568 0
w 1024 1568 1024 1776 0
w 1024 1776 1120 1776 0
w 288 208 288 144 0
w 288 144 448 144 0
w 448 144 448 352 0
w 448 1408 448 1536 0
w 448 1728 448 1776 0
w 448 144 624 144 0
w 448 352 448 624 0
w 448 624 448 1088 0
w 448 624 624 624 0
w 448 1088 448 1408 0
w 448 1088 624 1088 0
w 448 1536 448 1728 0
w 448 1536 624 1536 0
w 288 224 432 224 0
w 432 224 432 352 0
w 432 352 432 832 0
w 432 352 624 352 0
w 432 832 432 1296 0
w 432 832 624 832 0
w 432 1296 432 1744 0
w 432 1296 624 1296 0
w 432 1744 432 1776 0
w 432 1744 624 1744 0
w 288 240 416 240 0
w 416 240 416 -32 0
w 416 -32 1008 -32 0
w 1008 -32 1008 464 0
w 1008 464 1008 976 0
w 1008 976 1008 1792 0
