$ 1 0.000005 10.20027730826997 50 5 50 5e-11
150 496 176 560 176 0 2 0 5
150 496 320 560 320 0 2 0 5
153 640 192 720 192 0 2 5 5
153 640 304 720 304 0 2 0 5
w 560 176 640 176 0
w 560 320 640 320 0
w 720 304 736 304 0
w 720 192 736 192 0
w 736 304 752 304 0
w 736 304 736 256 0
w 736 256 624 256 0
w 624 256 624 208 0
w 624 208 640 208 0
w 640 288 640 240 0
w 640 240 704 240 0
w 704 240 736 240 0
w 736 192 752 192 0
w 736 240 736 192 0
w 752 192 768 192 0
w 752 192 752 112 0
w 752 112 480 112 0
w 480 112 480 160 0
w 480 160 496 160 0
w 752 304 768 304 0
w 752 304 752 368 0
w 752 368 480 368 0
w 480 368 480 336 0
w 480 336 496 336 0
w 480 640 496 640 0
w 480 672 480 640 0
w 752 672 480 672 0
w 752 608 752 672 0
w 752 608 768 608 0
w 480 464 496 464 0
w 480 416 480 464 0
w 752 416 480 416 0
w 752 496 752 416 0
w 752 496 768 496 0
w 736 544 736 496 0
w 736 496 752 496 0
w 704 544 736 544 0
w 640 544 704 544 0
w 640 592 640 544 0
w 624 512 640 512 0
w 624 560 624 512 0
w 736 560 624 560 0
w 736 608 736 560 0
w 736 608 752 608 0
w 720 496 736 496 0
w 720 608 736 608 0
w 560 624 640 624 0
w 560 480 640 480 0
153 640 608 720 608 0 2 0 5
153 640 496 720 496 0 2 5 5
150 496 624 560 624 0 2 0 5
150 496 480 560 480 0 2 0 5
w 864 336 880 336 0
w 864 368 864 336 0
w 1136 368 864 368 0
w 1136 304 1136 368 0
w 1136 304 1152 304 0
w 864 160 880 160 0
w 864 112 864 160 0
w 1136 112 864 112 0
w 1136 192 1136 112 0
w 1136 192 1152 192 0
w 1120 240 1120 192 0
w 1120 192 1136 192 0
w 1088 240 1120 240 0
w 1024 240 1088 240 0
w 1024 288 1024 240 0
w 1008 208 1024 208 0
w 1008 256 1008 208 0
w 1120 256 1008 256 0
w 1120 304 1120 256 0
w 1120 304 1136 304 0
w 1104 192 1120 192 0
w 1104 304 1120 304 0
w 944 320 1024 320 0
w 944 176 1024 176 0
153 1024 304 1104 304 0 2 0 5
153 1024 192 1104 192 0 2 5 5
150 880 320 944 320 0 2 0 5
150 880 176 944 176 0 2 0 5
w 864 640 880 640 0
w 864 672 864 640 0
w 1136 672 864 672 0
w 1136 608 1136 672 0
w 1136 608 1152 608 0
w 864 464 880 464 0
w 864 416 864 464 0
w 1136 416 864 416 0
w 1136 496 1136 416 0
w 1136 496 1152 496 0
w 1120 544 1120 496 0
w 1120 496 1136 496 0
w 1088 544 1120 544 0
w 1024 544 1088 544 0
w 1024 592 1024 544 0
w 1008 512 1024 512 0
w 1008 560 1008 512 0
w 1120 560 1008 560 0
w 1120 608 1120 560 0
w 1120 608 1136 608 0
w 1104 496 1120 496 0
w 1104 608 1120 608 0
w 944 624 1024 624 0
w 944 480 1024 480 0
153 1024 608 1104 608 0 2 0 5
153 1024 496 1104 496 0 2 5 5
150 880 624 944 624 0 2 0 5
150 880 480 944 480 0 2 0 5
150 880 1120 944 1120 0 2 0 5
150 880 1264 944 1264 0 2 0 5
153 1024 1136 1104 1136 0 2 5 5
153 1024 1248 1104 1248 0 2 0 5
w 944 1120 1024 1120 0
w 944 1264 1024 1264 0
w 1104 1248 1120 1248 0
w 1104 1136 1120 1136 0
w 1120 1248 1136 1248 0
w 1120 1248 1120 1200 0
w 1120 1200 1008 1200 0
w 1008 1200 1008 1152 0
w 1008 1152 1024 1152 0
w 1024 1232 1024 1184 0
w 1024 1184 1088 1184 0
w 1088 1184 1120 1184 0
w 1120 1136 1136 1136 0
w 1120 1184 1120 1136 0
w 1136 1136 1152 1136 0
w 1136 1136 1136 1056 0
w 1136 1056 864 1056 0
w 864 1056 864 1104 0
w 864 1104 880 1104 0
w 1136 1248 1152 1248 0
w 1136 1248 1136 1312 0
w 1136 1312 864 1312 0
w 864 1312 864 1280 0
w 864 1280 880 1280 0
150 880 816 944 816 0 2 0 5
150 880 960 944 960 0 2 0 5
153 1024 832 1104 832 0 2 5 5
153 1024 944 1104 944 0 2 0 5
w 944 816 1024 816 0
w 944 960 1024 960 0
w 1104 944 1120 944 0
w 1104 832 1120 832 0
w 1120 944 1136 944 0
w 1120 944 1120 896 0
w 1120 896 1008 896 0
w 1008 896 1008 848 0
w 1008 848 1024 848 0
w 1024 928 1024 880 0
w 1024 880 1088 880 0
w 1088 880 1120 880 0
w 1120 832 1136 832 0
w 1120 880 1120 832 0
w 1136 832 1152 832 0
w 1136 832 1136 752 0
w 1136 752 864 752 0
w 864 752 864 800 0
w 864 800 880 800 0
w 1136 944 1152 944 0
w 1136 944 1136 1008 0
w 1136 1008 864 1008 0
w 864 1008 864 976 0
w 864 976 880 976 0
150 496 1120 560 1120 0 2 0 5
150 496 1264 560 1264 0 2 0 5
153 640 1136 720 1136 0 2 5 5
153 640 1248 720 1248 0 2 0 5
w 560 1120 640 1120 0
w 560 1264 640 1264 0
w 720 1248 736 1248 0
w 720 1136 736 1136 0
w 736 1248 752 1248 0
w 736 1248 736 1200 0
w 736 1200 624 1200 0
w 624 1200 624 1152 0
w 624 1152 640 1152 0
w 640 1232 640 1184 0
w 640 1184 704 1184 0
w 704 1184 736 1184 0
w 736 1136 752 1136 0
w 736 1184 736 1136 0
w 752 1136 768 1136 0
w 752 1136 752 1056 0
w 752 1056 480 1056 0
w 480 1056 480 1104 0
w 480 1104 496 1104 0
w 752 1248 768 1248 0
w 752 1248 752 1312 0
w 752 1312 480 1312 0
w 480 1312 480 1280 0
w 480 1280 496 1280 0
w 480 976 496 976 0
w 480 1008 480 976 0
w 752 1008 480 1008 0
w 752 944 752 1008 0
w 752 944 768 944 0
w 480 800 496 800 0
w 480 752 480 800 0
w 752 752 480 752 0
w 752 832 752 752 0
w 752 832 768 832 0
w 736 880 736 832 0
w 736 832 752 832 0
w 704 880 736 880 0
w 640 880 704 880 0
w 640 928 640 880 0
w 624 848 640 848 0
w 624 896 624 848 0
w 736 896 624 896 0
w 736 944 736 896 0
w 736 944 752 944 0
w 720 832 736 832 0
w 720 944 736 944 0
w 560 960 640 960 0
w 560 816 640 816 0
153 640 944 720 944 0 2 0 5
153 640 832 720 832 0 2 5 5
150 496 960 560 960 0 2 0 5
150 496 816 560 816 0 2 0 5
150 496 1456 560 1456 0 2 0 5
150 496 1600 560 1600 0 2 0 5
153 640 1472 720 1472 0 2 5 5
153 640 1584 720 1584 0 2 0 5
w 560 1456 640 1456 0
w 560 1600 640 1600 0
w 720 1584 736 1584 0
w 720 1472 736 1472 0
w 736 1584 752 1584 0
w 736 1584 736 1536 0
w 736 1536 624 1536 0
w 624 1536 624 1488 0
w 624 1488 640 1488 0
w 640 1568 640 1520 0
w 640 1520 704 1520 0
w 704 1520 736 1520 0
w 736 1472 752 1472 0
w 736 1520 736 1472 0
w 752 1472 768 1472 0
w 752 1472 752 1392 0
w 752 1392 480 1392 0
w 480 1392 480 1440 0
w 480 1440 496 1440 0
w 752 1584 768 1584 0
w 752 1584 752 1648 0
w 752 1648 480 1648 0
w 480 1648 480 1616 0
w 480 1616 496 1616 0
w 480 1920 496 1920 0
w 480 1952 480 1920 0
w 752 1952 480 1952 0
w 752 1888 752 1952 0
w 752 1888 768 1888 0
w 480 1744 496 1744 0
w 480 1696 480 1744 0
w 752 1696 480 1696 0
w 752 1776 752 1696 0
w 752 1776 768 1776 0
w 736 1824 736 1776 0
w 736 1776 752 1776 0
w 704 1824 736 1824 0
w 640 1824 704 1824 0
w 640 1872 640 1824 0
w 624 1792 640 1792 0
w 624 1840 624 1792 0
w 736 1840 624 1840 0
w 736 1888 736 1840 0
w 736 1888 752 1888 0
w 720 1776 736 1776 0
w 720 1888 736 1888 0
w 560 1904 640 1904 0
w 560 1760 640 1760 0
153 640 1888 720 1888 0 2 0 5
153 640 1776 720 1776 0 2 5 5
150 496 1904 560 1904 0 2 0 5
150 496 1760 560 1760 0 2 0 5
w 864 1616 880 1616 0
w 864 1648 864 1616 0
w 1136 1648 864 1648 0
w 1136 1584 1136 1648 0
w 1136 1584 1152 1584 0
w 864 1440 880 1440 0
w 864 1392 864 1440 0
w 1136 1392 864 1392 0
w 1136 1472 1136 1392 0
w 1136 1472 1152 1472 0
w 1120 1520 1120 1472 0
w 1120 1472 1136 1472 0
w 1088 1520 1120 1520 0
w 1024 1520 1088 1520 0
w 1024 1568 1024 1520 0
w 1008 1488 1024 1488 0
w 1008 1536 1008 1488 0
w 1120 1536 1008 1536 0
w 1120 1584 1120 1536 0
w 1120 1584 1136 1584 0
w 1104 1472 1120 1472 0
w 1104 1584 1120 1584 0
w 944 1600 1024 1600 0
w 944 1456 1024 1456 0
153 1024 1584 1104 1584 0 2 0 5
153 1024 1472 1104 1472 0 2 5 5
150 880 1600 944 1600 0 2 0 5
150 880 1456 944 1456 0 2 0 5
w 864 1920 880 1920 0
w 864 1952 864 1920 0
w 1136 1952 864 1952 0
w 1136 1888 1136 1952 0
w 1136 1888 1152 1888 0
w 864 1744 880 1744 0
w 864 1696 864 1744 0
w 1136 1696 864 1696 0
w 1136 1776 1136 1696 0
w 1136 1776 1152 1776 0
w 1120 1824 1120 1776 0
w 1120 1776 1136 1776 0
w 1088 1824 1120 1824 0
w 1024 1824 1088 1824 0
w 1024 1872 1024 1824 0
w 1008 1792 1024 1792 0
w 1008 1840 1008 1792 0
w 1120 1840 1008 1840 0
w 1120 1888 1120 1840 0
w 1120 1888 1136 1888 0
w 1104 1776 1120 1776 0
w 1104 1888 1120 1888 0
w 944 1904 1024 1904 0
w 944 1760 1024 1760 0
153 1024 1888 1104 1888 0 2 0 5
153 1024 1776 1104 1776 0 2 5 5
150 880 1904 944 1904 0 2 0 5
150 880 1760 944 1760 0 2 0 5
150 880 2416 944 2416 0 2 0 5
150 880 2560 944 2560 0 2 0 5
153 1024 2432 1104 2432 0 2 5 5
153 1024 2544 1104 2544 0 2 0 5
w 944 2416 1024 2416 0
w 944 2560 1024 2560 0
w 1104 2544 1120 2544 0
w 1104 2432 1120 2432 0
w 1120 2544 1136 2544 0
w 1120 2544 1120 2496 0
w 1120 2496 1008 2496 0
w 1008 2496 1008 2448 0
w 1008 2448 1024 2448 0
w 1024 2528 1024 2480 0
w 1024 2480 1088 2480 0
w 1088 2480 1120 2480 0
w 1120 2432 1136 2432 0
w 1120 2480 1120 2432 0
w 1136 2432 1152 2432 0
w 1136 2432 1136 2352 0
w 1136 2352 864 2352 0
w 864 2352 864 2400 0
w 864 2400 880 2400 0
w 1136 2544 1152 2544 0
w 1136 2544 1136 2608 0
w 1136 2608 864 2608 0
w 864 2608 864 2576 0
w 864 2576 880 2576 0
150 880 2112 944 2112 0 2 0 5
150 880 2256 944 2256 0 2 0 5
153 1024 2128 1104 2128 0 2 5 5
153 1024 2240 1104 2240 0 2 0 5
w 944 2112 1024 2112 0
w 944 2256 1024 2256 0
w 1104 2240 1120 2240 0
w 1104 2128 1120 2128 0
w 1120 2240 1136 2240 0
w 1120 2240 1120 2192 0
w 1120 2192 1008 2192 0
w 1008 2192 1008 2144 0
w 1008 2144 1024 2144 0
w 1024 2224 1024 2176 0
w 1024 2176 1088 2176 0
w 1088 2176 1120 2176 0
w 1120 2128 1136 2128 0
w 1120 2176 1120 2128 0
w 1136 2128 1152 2128 0
w 1136 2128 1136 2048 0
w 1136 2048 864 2048 0
w 864 2048 864 2096 0
w 864 2096 880 2096 0
w 1136 2240 1152 2240 0
w 1136 2240 1136 2304 0
w 1136 2304 864 2304 0
w 864 2304 864 2272 0
w 864 2272 880 2272 0
150 496 2416 560 2416 0 2 0 5
150 496 2560 560 2560 0 2 0 5
153 640 2432 720 2432 0 2 5 5
153 640 2544 720 2544 0 2 0 5
w 560 2416 640 2416 0
w 560 2560 640 2560 0
w 720 2544 736 2544 0
w 720 2432 736 2432 0
w 736 2544 752 2544 0
w 736 2544 736 2496 0
w 736 2496 624 2496 0
w 624 2496 624 2448 0
w 624 2448 640 2448 0
w 640 2528 640 2480 0
w 640 2480 704 2480 0
w 704 2480 736 2480 0
w 736 2432 752 2432 0
w 736 2480 736 2432 0
w 752 2432 768 2432 0
w 752 2432 752 2352 0
w 752 2352 480 2352 0
w 480 2352 480 2400 0
w 480 2400 496 2400 0
w 752 2544 768 2544 0
w 752 2544 752 2608 0
w 752 2608 480 2608 0
w 480 2608 480 2576 0
w 480 2576 496 2576 0
w 480 2272 496 2272 0
w 480 2304 480 2272 0
w 752 2304 480 2304 0
w 752 2240 752 2304 0
w 752 2240 768 2240 0
w 480 2096 496 2096 0
w 480 2048 480 2096 0
w 752 2048 480 2048 0
w 752 2128 752 2048 0
w 752 2128 768 2128 0
w 736 2176 736 2128 0
w 736 2128 752 2128 0
w 704 2176 736 2176 0
w 640 2176 704 2176 0
w 640 2224 640 2176 0
w 624 2144 640 2144 0
w 624 2192 624 2144 0
w 736 2192 624 2192 0
w 736 2240 736 2192 0
w 736 2240 752 2240 0
w 720 2128 736 2128 0
w 720 2240 736 2240 0
w 560 2256 640 2256 0
w 560 2112 640 2112 0
153 640 2240 720 2240 0 2 0 5
153 640 2128 720 2128 0 2 5 5
150 496 2256 560 2256 0 2 0 5
150 496 2112 560 2112 0 2 0 5
s -256 16 -192 16 0 0 false
s -144 16 -80 16 0 0 false
R -144 16 -160 16 0 0 40 5 0 0 0.5
R -256 16 -272 16 0 0 40 5 0 0 0.5
