$ 1 0.000005 10.20027730826997 50 5 50 5e-11
s -256 16 -192 16 0 0 false
s -144 16 -80 16 0 0 false
R -144 16 -160 16 0 0 40 5 0 0 0.5
R -256 16 -272 16 0 0 40 5 0 0 0.5
s -416 144 -368 144 0 0 false
s -336 144 -288 144 0 1 false
s -256 144 -208 144 0 1 false
s -176 144 -128 144 0 0 false
R -416 144 -432 144 0 0 40 5 0 0 0.5
R -336 144 -352 144 0 0 40 5 0 0 0.5
R -256 144 -272 144 0 0 40 5 0 0 0.5
R -176 144 -192 144 0 0 40 5 0 0 0.5
162 16 144 48 144 2 default-led 1 0 0 0.01
162 64 144 96 144 2 default-led 1 0 0 0.01
162 112 144 144 144 2 default-led 1 0 0 0.01
162 160 144 192 144 2 default-led 1 0 0 0.01
g 48 144 48 128 0 0
g 96 144 96 128 0 0
g 144 144 144 128 0 0
g 192 144 192 128 0 0
150 -48 240 16 240 0 2 0 5
150 -48 304 16 304 0 2 0 5
150 -48 368 16 368 0 2 0 5
150 -48 432 16 432 0 2 0 5
w -80 224 -80 288 0
w -80 352 -80 416 0
w -80 288 -80 352 0
w -80 224 -48 224 0
w -80 288 -48 288 0
w -80 352 -48 352 0
w -80 416 -48 416 0
w -208 320 -48 320 0
w -128 256 -48 256 0
w 16 240 16 208 0
w 16 304 64 304 0
w 64 304 64 224 0
w 16 368 112 368 0
w 112 144 112 240 0
w 160 144 160 256 0
w 16 432 160 432 0
w 16 208 16 144 0
w 16 208 288 208 0
w 64 224 64 144 0
w 64 224 288 224 0
w 112 256 112 368 0
w 112 240 288 240 0
w 112 240 112 256 0
w 160 256 160 432 0
w 160 256 288 256 0
150 704 160 768 160 0 2 0 5
150 704 224 768 224 0 2 0 5
152 784 144 848 144 0 2 0 5
I 784 224 832 224 0 0.5 5
150 864 160 928 160 0 2 0 5
w 768 160 784 160 0
w 768 224 784 224 0
w 832 224 848 224 0
w 848 224 864 224 0
w 864 224 864 176 0
w 848 144 864 144 0
w 928 160 944 160 0
w 944 160 944 96 0
w 944 96 768 96 0
w 768 96 768 128 0
w 768 128 784 128 0
w 704 144 656 144 0
w 704 176 656 176 0
I 656 208 704 208 0 0.5 5
w 704 240 656 240 0
w 656 176 640 176 0
w 656 240 640 240 0
w 640 240 640 176 0
w 656 208 656 144 0
w 656 144 640 144 0
w 640 176 624 176 0
w 640 144 624 144 0
w 640 352 624 352 0
w 640 384 624 384 0
w 656 352 640 352 0
w 656 416 656 352 0
w 640 448 640 384 0
w 656 448 640 448 0
w 656 384 640 384 0
w 704 448 656 448 0
I 656 416 704 416 0 0.5 5
w 704 384 656 384 0
w 704 352 656 352 0
w 768 336 784 336 0
w 768 304 768 336 0
w 944 304 768 304 0
w 944 368 944 304 0
w 928 368 944 368 0
w 848 352 864 352 0
w 864 432 864 384 0
w 848 432 864 432 0
w 832 432 848 432 0
w 768 432 784 432 0
w 768 368 784 368 0
150 864 368 928 368 0 2 0 5
I 784 432 832 432 0 0.5 5
152 784 352 848 352 0 2 0 5
150 704 432 768 432 0 2 0 5
150 704 368 768 368 0 2 0 5
w 1440 144 1424 144 0
w 1440 176 1424 176 0
w 1456 144 1440 144 0
w 1456 208 1456 144 0
w 1440 240 1440 176 0
w 1456 240 1440 240 0
w 1456 176 1440 176 0
w 1504 240 1456 240 0
I 1456 208 1504 208 0 0.5 5
w 1504 176 1456 176 0
w 1504 144 1456 144 0
w 1568 128 1584 128 0
w 1568 96 1568 128 0
w 1744 96 1568 96 0
w 1744 160 1744 96 0
w 1728 160 1744 160 0
w 1648 144 1664 144 0
w 1664 224 1664 176 0
w 1648 224 1664 224 0
w 1632 224 1648 224 0
w 1568 224 1584 224 0
w 1568 160 1584 160 0
150 1664 160 1728 160 0 2 0 5
I 1584 224 1632 224 0 0.5 5
152 1584 144 1648 144 0 2 0 5
150 1504 224 1568 224 0 2 0 5
150 1504 160 1568 160 0 2 0 5
w 1440 352 1424 352 0
w 1440 384 1424 384 0
w 1456 352 1440 352 0
w 1456 416 1456 352 0
w 1440 448 1440 384 0
w 1456 448 1440 448 0
w 1456 384 1440 384 0
w 1504 448 1456 448 0
I 1456 416 1504 416 0 0.5 5
w 1504 384 1456 384 0
w 1504 352 1456 352 0
w 1568 336 1584 336 0
w 1568 304 1568 336 0
w 1744 304 1568 304 0
w 1744 368 1744 304 0
w 1728 368 1744 368 0
w 1648 352 1664 352 0
w 1664 432 1664 384 0
w 1648 432 1664 432 0
w 1632 432 1648 432 0
w 1568 432 1584 432 0
w 1568 368 1584 368 0
150 1664 368 1728 368 0 2 0 5
I 1584 432 1632 432 0 0.5 5
152 1584 352 1648 352 0 2 0 5
150 1504 432 1568 432 0 2 0 5
150 1504 368 1568 368 0 2 0 5
150 1504 848 1568 848 0 2 0 5
150 1504 912 1568 912 0 2 0 5
152 1584 832 1648 832 0 2 0 5
I 1584 912 1632 912 0 0.5 5
150 1664 848 1728 848 0 2 0 5
w 1568 848 1584 848 0
w 1568 912 1584 912 0
w 1632 912 1648 912 0
w 1648 912 1664 912 0
w 1664 912 1664 864 0
w 1648 832 1664 832 0
w 1728 848 1744 848 0
w 1744 848 1744 784 0
w 1744 784 1568 784 0
w 1568 784 1568 816 0
w 1568 816 1584 816 0
w 1504 832 1456 832 0
w 1504 864 1456 864 0
I 1456 896 1504 896 0 0.5 5
w 1504 928 1456 928 0
w 1456 864 1440 864 0
w 1456 928 1440 928 0
w 1440 928 1440 864 0
w 1456 896 1456 832 0
w 1456 832 1440 832 0
w 1440 864 1424 864 0
w 1440 832 1424 832 0
150 1504 640 1568 640 0 2 0 5
150 1504 704 1568 704 0 2 0 5
152 1584 624 1648 624 0 2 0 5
I 1584 704 1632 704 0 0.5 5
150 1664 640 1728 640 0 2 0 5
w 1568 640 1584 640 0
w 1568 704 1584 704 0
w 1632 704 1648 704 0
w 1648 704 1664 704 0
w 1664 704 1664 656 0
w 1648 624 1664 624 0
w 1728 640 1744 640 0
w 1744 640 1744 576 0
w 1744 576 1568 576 0
w 1568 576 1568 608 0
w 1568 608 1584 608 0
w 1504 624 1456 624 0
w 1504 656 1456 656 0
I 1456 688 1504 688 0 0.5 5
w 1504 720 1456 720 0
w 1456 656 1440 656 0
w 1456 720 1440 720 0
w 1440 720 1440 656 0
w 1456 688 1456 624 0
w 1456 624 1440 624 0
w 1440 656 1424 656 0
w 1440 624 1424 624 0
150 704 848 768 848 0 2 0 5
150 704 912 768 912 0 2 0 5
152 784 832 848 832 0 2 0 5
I 784 912 832 912 0 0.5 5
150 864 848 928 848 0 2 0 5
w 768 848 784 848 0
w 768 912 784 912 0
w 832 912 848 912 0
w 848 912 864 912 0
w 864 912 864 864 0
w 848 832 864 832 0
w 928 848 944 848 0
w 944 848 944 784 0
w 944 784 768 784 0
w 768 784 768 816 0
w 768 816 784 816 0
w 704 832 656 832 0
w 704 864 656 864 0
I 656 896 704 896 0 0.5 5
w 704 928 656 928 0
w 656 864 640 864 0
w 656 928 640 928 0
w 640 928 640 864 0
w 656 896 656 832 0
w 656 832 640 832 0
w 640 864 624 864 0
w 640 832 624 832 0
w 640 624 624 624 0
w 640 656 624 656 0
w 656 624 640 624 0
w 656 688 656 624 0
w 640 720 640 656 0
w 656 720 640 720 0
w 656 656 640 656 0
w 704 720 656 720 0
I 656 688 704 688 0 0.5 5
w 704 656 656 656 0
w 704 624 656 624 0
w 768 608 784 608 0
w 768 576 768 608 0
w 944 576 768 576 0
w 944 640 944 576 0
w 928 640 944 640 0
w 848 624 864 624 0
w 864 704 864 656 0
w 848 704 864 704 0
w 832 704 848 704 0
w 768 704 784 704 0
w 768 640 784 640 0
150 864 640 928 640 0 2 0 5
I 784 704 832 704 0 0.5 5
152 784 624 848 624 0 2 0 5
150 704 704 768 704 0 2 0 5
150 704 640 768 640 0 2 0 5
150 1504 1312 1568 1312 0 2 0 5
150 1504 1376 1568 1376 0 2 0 5
152 1584 1296 1648 1296 0 2 0 5
I 1584 1376 1632 1376 0 0.5 5
150 1664 1312 1728 1312 0 2 0 5
w 1568 1312 1584 1312 0
w 1568 1376 1584 1376 0
w 1632 1376 1648 1376 0
w 1648 1376 1664 1376 0
w 1664 1376 1664 1328 0
w 1648 1296 1664 1296 0
w 1728 1312 1744 1312 0
w 1744 1312 1744 1248 0
w 1744 1248 1568 1248 0
w 1568 1248 1568 1280 0
w 1568 1280 1584 1280 0
w 1504 1296 1456 1296 0
w 1504 1328 1456 1328 0
I 1456 1360 1504 1360 0 0.5 5
w 1504 1392 1456 1392 0
w 1456 1328 1440 1328 0
w 1456 1392 1440 1392 0
w 1440 1392 1440 1328 0
w 1456 1360 1456 1296 0
w 1456 1296 1440 1296 0
w 1440 1328 1424 1328 0
w 1440 1296 1424 1296 0
150 1504 1104 1568 1104 0 2 0 5
150 1504 1168 1568 1168 0 2 0 5
152 1584 1088 1648 1088 0 2 0 5
I 1584 1168 1632 1168 0 0.5 5
150 1664 1104 1728 1104 0 2 0 5
w 1568 1104 1584 1104 0
w 1568 1168 1584 1168 0
w 1632 1168 1648 1168 0
w 1648 1168 1664 1168 0
w 1664 1168 1664 1120 0
w 1648 1088 1664 1088 0
w 1728 1104 1744 1104 0
w 1744 1104 1744 1040 0
w 1744 1040 1568 1040 0
w 1568 1040 1568 1072 0
w 1568 1072 1584 1072 0
w 1504 1088 1456 1088 0
w 1504 1120 1456 1120 0
I 1456 1152 1504 1152 0 0.5 5
w 1504 1184 1456 1184 0
w 1456 1120 1440 1120 0
w 1456 1184 1440 1184 0
w 1440 1184 1440 1120 0
w 1456 1152 1456 1088 0
w 1456 1088 1440 1088 0
w 1440 1120 1424 1120 0
w 1440 1088 1424 1088 0
150 704 1312 768 1312 0 2 0 5
150 704 1376 768 1376 0 2 0 5
152 784 1296 848 1296 0 2 0 5
I 784 1376 832 1376 0 0.5 5
150 864 1312 928 1312 0 2 0 5
w 768 1312 784 1312 0
w 768 1376 784 1376 0
w 832 1376 848 1376 0
w 848 1376 864 1376 0
w 864 1376 864 1328 0
w 848 1296 864 1296 0
w 928 1312 944 1312 0
w 944 1312 944 1248 0
w 944 1248 768 1248 0
w 768 1248 768 1280 0
w 768 1280 784 1280 0
w 704 1296 656 1296 0
w 704 1328 656 1328 0
I 656 1360 704 1360 0 0.5 5
w 704 1392 656 1392 0
w 656 1328 640 1328 0
w 656 1392 640 1392 0
w 640 1392 640 1328 0
w 656 1360 656 1296 0
w 656 1296 640 1296 0
w 640 1328 624 1328 0
w 640 1296 624 1296 0
w 640 1088 624 1088 0
w 640 1120 624 1120 0
w 656 1088 640 1088 0
w 656 1152 656 1088 0
w 640 1184 640 1120 0
w 656 1184 640 1184 0
w 656 1120 640 1120 0
w 704 1184 656 1184 0
I 656 1152 704 1152 0 0.5 5
w 704 1120 656 1120 0
w 704 1088 656 1088 0
w 768 1072 784 1072 0
w 768 1040 768 1072 0
w 944 1040 768 1040 0
w 944 1104 944 1040 0
w 928 1104 944 1104 0
w 848 1088 864 1088 0
w 864 1168 864 1120 0
w 848 1168 864 1168 0
w 832 1168 848 1168 0
w 768 1168 784 1168 0
w 768 1104 784 1104 0
150 864 1104 928 1104 0 2 0 5
I 784 1168 832 1168 0 0.5 5
152 784 1088 848 1088 0 2 0 5
150 704 1168 768 1168 0 2 0 5
150 704 1104 768 1104 0 2 0 5
150 1504 1760 1568 1760 0 2 0 5
150 1504 1824 1568 1824 0 2 0 5
152 1584 1744 1648 1744 0 2 0 5
I 1584 1824 1632 1824 0 0.5 5
150 1664 1760 1728 1760 0 2 0 5
w 1568 1760 1584 1760 0
w 1568 1824 1584 1824 0
w 1632 1824 1648 1824 0
w 1648 1824 1664 1824 0
w 1664 1824 1664 1776 0
w 1648 1744 1664 1744 0
w 1728 1760 1744 1760 0
w 1744 1760 1744 1696 0
w 1744 1696 1568 1696 0
w 1568 1696 1568 1728 0
w 1568 1728 1584 1728 0
w 1504 1744 1456 1744 0
w 1504 1776 1456 1776 0
I 1456 1808 1504 1808 0 0.5 5
w 1504 1840 1456 1840 0
w 1456 1776 1440 1776 0
w 1456 1840 1440 1840 0
w 1440 1840 1440 1776 0
w 1456 1808 1456 1744 0
w 1456 1744 1440 1744 0
w 1440 1776 1424 1776 0
w 1440 1744 1424 1744 0
150 1504 1552 1568 1552 0 2 0 5
150 1504 1616 1568 1616 0 2 0 5
152 1584 1536 1648 1536 0 2 0 5
I 1584 1616 1632 1616 0 0.5 5
150 1664 1552 1728 1552 0 2 0 5
w 1568 1552 1584 1552 0
w 1568 1616 1584 1616 0
w 1632 1616 1648 1616 0
w 1648 1616 1664 1616 0
w 1664 1616 1664 1568 0
w 1648 1536 1664 1536 0
w 1728 1552 1744 1552 0
w 1744 1552 1744 1488 0
w 1744 1488 1568 1488 0
w 1568 1488 1568 1520 0
w 1568 1520 1584 1520 0
w 1504 1536 1456 1536 0
w 1504 1568 1456 1568 0
I 1456 1600 1504 1600 0 0.5 5
w 1504 1632 1456 1632 0
w 1456 1568 1440 1568 0
w 1456 1632 1440 1632 0
w 1440 1632 1440 1568 0
w 1456 1600 1456 1536 0
w 1456 1536 1440 1536 0
w 1440 1568 1424 1568 0
w 1440 1536 1424 1536 0
150 704 1760 768 1760 0 2 0 5
150 704 1824 768 1824 0 2 0 5
152 784 1744 848 1744 0 2 0 5
I 784 1824 832 1824 0 0.5 5
150 864 1760 928 1760 0 2 0 5
w 768 1760 784 1760 0
w 768 1824 784 1824 0
w 832 1824 848 1824 0
w 848 1824 864 1824 0
w 864 1824 864 1776 0
w 848 1744 864 1744 0
w 928 1760 944 1760 0
w 944 1760 944 1696 0
w 944 1696 768 1696 0
w 768 1696 768 1728 0
w 768 1728 784 1728 0
w 704 1744 656 1744 0
w 704 1776 656 1776 0
I 656 1808 704 1808 0 0.5 5
w 704 1840 656 1840 0
w 656 1776 640 1776 0
w 656 1840 640 1840 0
w 640 1840 640 1776 0
w 656 1808 656 1744 0
w 656 1744 640 1744 0
w 640 1776 624 1776 0
w 640 1744 624 1744 0
w 640 1536 624 1536 0
w 640 1568 624 1568 0
w 656 1536 640 1536 0
w 656 1600 656 1536 0
w 640 1632 640 1568 0
w 656 1632 640 1632 0
w 656 1568 640 1568 0
w 704 1632 656 1632 0
I 656 1600 704 1600 0 0.5 5
w 704 1568 656 1568 0
w 704 1536 656 1536 0
w 768 1520 784 1520 0
w 768 1488 768 1520 0
w 944 1488 768 1488 0
w 944 1552 944 1488 0
w 928 1552 944 1552 0
w 848 1536 864 1536 0
w 864 1616 864 1568 0
w 848 1616 864 1616 0
w 832 1616 848 1616 0
w 768 1616 784 1616 0
w 768 1552 784 1552 0
150 864 1552 928 1552 0 2 0 5
I 784 1616 832 1616 0 0.5 5
152 784 1536 848 1536 0 2 0 5
150 704 1616 768 1616 0 2 0 5
150 704 1552 768 1552 0 2 0 5
w 944 160 976 160 0
s -256 96 -192 96 0 1 false
s -144 96 -80 96 0 1 false
R -144 96 -160 96 0 0 40 5 0 0 0.5
R -256 96 -272 96 0 0 40 5 0 0 0.5
w -80 96 -80 224 0
150 1360 176 1424 176 0 3 0 5
150 1360 384 1424 384 0 3 0 5
150 1360 656 1424 656 0 3 0 5
150 1360 864 1424 864 0 3 0 5
150 1360 1120 1424 1120 0 3 0 5
150 1360 1328 1424 1328 0 3 0 5
150 1360 1568 1424 1568 0 3 0 5
150 1360 1776 1424 1776 0 3 0 5
150 560 1776 624 1776 0 3 0 5
150 560 1568 624 1568 0 3 0 5
150 560 1328 624 1328 0 3 0 5
150 560 1120 624 1120 0 3 0 5
150 560 864 624 864 0 3 0 5
150 560 656 624 656 0 3 0 5
150 560 384 624 384 0 3 0 5
150 560 176 624 176 0 3 0 5
w -80 16 496 16 0
w 496 16 496 160 0
w -192 16 -192 0 0
w -192 0 480 0 0
w 480 0 480 192 0
w 496 160 528 160 0
w 480 192 480 400 0
w 480 192 528 192 0
w 496 160 496 368 0
w 496 640 528 640 0
w 496 640 496 848 0
w 496 1104 528 1104 0
w 496 1104 496 1312 0
w 496 1552 496 1760 0
w 496 1552 528 1552 0
x -286 -32 -53 -29 4 24 Direccion\sde\sMemoria
x -291 59 -90 62 4 24 Read/Write\sEnable
w 480 432 480 672 0
w 480 672 528 672 0
w 480 672 480 880 0
w 480 1136 528 1136 0
w 480 1136 480 1344 0
w 480 1584 528 1584 0
w 480 1584 480 1792 0
w 528 16 1056 16 0
w 512 0 1040 0 0
w 1280 0 1280 192 0
w 1280 192 1280 400 0
w 1280 400 1280 672 0
w 1280 672 1280 880 0
w 1280 880 1280 1136 0
w 1280 1136 1280 1344 0
w 1280 1344 1280 1584 0
w 1280 1584 1280 1792 0
w 1296 16 1296 160 0
w 1296 880 1296 1104 0
w 1296 160 1296 368 0
I 1312 160 1344 160 0 0.5 5
I 1312 640 1344 640 0 0.5 5
I 1312 1104 1344 1104 0 0.5 5
I 1312 1552 1344 1552 0 0.5 5
w 1296 160 1312 160 0
w 1296 368 1296 640 0
w 1296 640 1296 848 0
w 1296 640 1312 640 0
w 1296 1104 1296 1312 0
w 1296 1104 1312 1104 0
w 1296 1552 1296 1760 0
w 1296 1552 1312 1552 0
w 1280 1584 1344 1584 0
w 1280 1136 1344 1136 0
w 1280 672 1344 672 0
w 1280 192 1344 192 0
w 1344 160 1360 160 0
w 1344 192 1360 192 0
w 1344 640 1360 640 0
w 1344 672 1360 672 0
w 1344 1104 1360 1104 0
w 1344 1136 1360 1136 0
w 1344 1552 1360 1552 0
w 1344 1584 1360 1584 0
I 1312 368 1344 368 0 0.5 5
I 1312 400 1344 400 0 0.5 5
I 1312 880 1344 880 0 0.5 5
I 1312 848 1344 848 0 0.5 5
I 1312 1344 1344 1344 0 0.5 5
I 1312 1312 1344 1312 0 0.5 5
I 1312 1792 1344 1792 0 0.5 5
I 1312 1760 1344 1760 0 0.5 5
w 1280 1792 1280 1808 0
w 1296 1792 1296 1808 0
w 1296 1760 1296 1792 0
w 1296 1760 1312 1760 0
w 1280 1792 1312 1792 0
w 1280 1344 1312 1344 0
w 1296 1312 1296 1552 0
w 1296 1312 1312 1312 0
w 1280 880 1312 880 0
w 1296 848 1296 880 0
w 1296 848 1312 848 0
w 1280 400 1312 400 0
w 1296 368 1312 368 0
w 1344 368 1360 368 0
w 1344 400 1360 400 0
w 1344 848 1360 848 0
w 1344 880 1360 880 0
w 1344 1312 1360 1312 0
w 1344 1344 1360 1344 0
w 1344 1760 1360 1760 0
w 1344 1792 1360 1792 0
w 480 0 512 0 0
w 496 16 528 16 0
w 528 160 544 160 0
w 544 160 560 160 0
w 528 192 560 192 0
w 528 640 560 640 0
w 528 672 560 672 0
w 528 1104 560 1104 0
w 528 1136 560 1136 0
w 528 1552 560 1552 0
w 528 1584 560 1584 0
I 512 880 544 880 0 0.5 5
I 512 400 544 400 0 0.5 5
I 512 1344 544 1344 0 0.5 5
I 512 1792 544 1792 0 0.5 5
w 544 1792 560 1792 0
w 480 1792 480 1824 0
w 480 1792 512 1792 0
w 496 1760 496 1824 0
w 496 1760 560 1760 0
w 544 1344 560 1344 0
w 480 1344 480 1584 0
w 480 1344 512 1344 0
w 496 1312 496 1552 0
w 496 1312 560 1312 0
w 544 880 560 880 0
w 480 880 480 1136 0
w 480 880 512 880 0
w 496 848 496 1104 0
w 496 848 560 848 0
w 480 400 480 432 0
w 480 400 512 400 0
w 544 400 560 400 0
w 496 368 496 640 0
w 496 368 560 368 0
w -80 96 -64 96 0
w -64 96 -64 32 0
w -64 32 464 32 0
w 512 32 1024 32 0
w 464 32 512 32 0
w 464 32 464 176 0
w 464 176 560 176 0
w 464 176 464 384 0
w 464 384 560 384 0
w 464 384 464 656 0
w 464 656 560 656 0
w 464 656 464 864 0
w 464 864 560 864 0
w 464 864 464 1120 0
w 464 1120 560 1120 0
w 464 1120 464 1328 0
w 464 1328 560 1328 0
w 464 1328 464 1568 0
w 464 1568 560 1568 0
w 464 1568 464 1776 0
w 464 1776 560 1776 0
w 1264 32 1264 176 0
w 1264 176 1360 176 0
w 1264 176 1264 384 0
w 1264 384 1360 384 0
w 1264 384 1264 656 0
w 1264 656 1360 656 0
w 1264 656 1264 864 0
w 1264 864 1360 864 0
w 1264 864 1264 1120 0
w 1264 1120 1360 1120 0
w 1264 1120 1264 1328 0
w 1264 1328 1360 1328 0
w 1264 1328 1264 1568 0
w 1264 1568 1360 1568 0
w 1264 1568 1264 1776 0
w 1264 1776 1360 1776 0
w 288 208 288 144 0
w 288 144 448 144 0
w 448 144 624 144 0
w 288 240 416 240 0
w 1040 0 1088 0 0
w 1056 16 1104 16 0
w 1024 32 1072 32 0
w 1088 0 1280 0 0
w 1104 16 1296 16 0
w 1072 32 1264 32 0
w 448 144 448 352 0
w 448 352 624 352 0
w 448 144 448 -16 0
w 448 -16 1232 -16 0
w 1232 -16 1232 144 0
w 1232 144 1424 144 0
w 1232 144 1232 352 0
w 1232 352 1424 352 0
w 288 224 432 224 0
w 432 224 432 544 0
w 432 624 624 624 0
w 432 544 432 624 0
w 432 544 1248 544 0
w 1248 544 1248 624 0
w 1248 624 1424 624 0
w 1248 624 1248 832 0
w 1248 832 1424 832 0
w 432 624 432 832 0
w 432 832 624 832 0
w 416 240 416 960 0
w 416 960 448 960 0
w 448 960 448 992 0
w 448 1088 624 1088 0
w 448 992 448 1088 0
w 448 992 1248 992 0
w 1248 992 1248 1088 0
w 1248 1088 1424 1088 0
w 448 1088 448 1296 0
w 448 1296 624 1296 0
w 1248 1088 1248 1296 0
w 1248 1296 1424 1296 0
w 288 256 400 256 0
w 400 256 400 1312 0
w 400 1312 400 1328 0
w 400 1328 448 1328 0
w 448 1328 448 1440 0
w 448 1536 624 1536 0
w 448 1536 448 1744 0
w 448 1744 624 1744 0
w 448 1488 448 1536 0
w 448 1440 448 1488 0
w 448 1440 1248 1440 0
w 1248 1440 1248 1536 0
w 1248 1536 1424 1536 0
w 1248 1536 1248 1744 0
w 1248 1744 1424 1744 0
w -368 144 -368 256 0
w -368 256 -128 256 0
w -288 144 -288 320 0
w -288 320 -208 320 0
w -208 144 -208 384 0
w -208 384 -48 384 0
w -128 144 -128 448 0
w -112 448 -48 448 0
w -128 448 -112 448 0
