$ 1 0.000005 10.20027730826997 50 5 50 5e-11
150 496 176 560 176 0 2 0 5
150 496 320 560 320 0 2 0 5
153 640 192 720 192 0 2 0 5
153 640 304 720 304 0 2 5 5
w 560 176 640 176 0
w 560 320 640 320 0
w 720 304 736 304 0
w 720 192 736 192 0
w 736 304 752 304 0
w 736 304 736 256 0
w 736 256 624 256 0
w 624 256 624 208 0
w 624 208 640 208 0
w 640 288 640 240 0
w 640 240 704 240 0
w 704 240 736 240 0
w 736 192 752 192 0
w 736 240 736 192 0
w 752 192 768 192 0
w 752 192 752 112 0
w 752 112 480 112 0
w 480 112 480 160 0
w 480 160 496 160 0
w 752 304 768 304 0
w 752 304 752 368 0
w 752 368 480 368 0
w 480 368 480 336 0
w 480 336 496 336 0
