$ 1 0.000005 10.20027730826997 50 5 50 5e-11
150 496 176 560 176 0 2 0 5
150 496 320 560 320 0 2 0 5
153 640 192 720 192 0 2 5 5
153 640 304 720 304 0 2 0 5
w 560 176 640 176 0
w 560 320 640 320 0
w 720 304 736 304 0
w 720 192 736 192 0
w 736 304 752 304 0
w 736 304 736 256 0
w 736 256 624 256 0
w 624 256 624 208 0
w 624 208 640 208 0
w 640 288 640 240 0
w 640 240 704 240 0
w 704 240 736 240 0
w 736 192 752 192 0
w 736 240 736 192 0
w 752 192 768 192 0
w 752 192 752 112 0
w 752 112 480 112 0
w 480 112 480 160 0
w 480 160 496 160 0
w 752 304 768 304 0
w 752 304 752 368 0
w 752 368 480 368 0
w 480 368 480 336 0
w 480 336 496 336 0
s -256 16 -192 16 0 0 false
s -144 16 -80 16 0 0 false
R -144 16 -160 16 0 0 40 5 0 0 0.5
R -256 16 -272 16 0 0 40 5 0 0 0.5
s -416 144 -368 144 0 1 false
s -336 144 -288 144 0 1 false
s -256 144 -208 144 0 1 false
s -176 144 -128 144 0 1 false
R -416 144 -432 144 0 0 40 5 0 0 0.5
R -336 144 -352 144 0 0 40 5 0 0 0.5
R -256 144 -272 144 0 0 40 5 0 0 0.5
R -176 144 -192 144 0 0 40 5 0 0 0.5
162 16 144 48 144 2 default-led 1 0 0 0.01
162 64 144 96 144 2 default-led 1 0 0 0.01
162 112 144 144 144 2 default-led 1 0 0 0.01
162 160 144 192 144 2 default-led 1 0 0 0.01
g 48 144 48 128 0 0
g 96 144 96 128 0 0
g 144 144 144 128 0 0
g 192 144 192 128 0 0
150 -48 240 16 240 0 2 0 5
150 -48 304 16 304 0 2 0 5
150 -48 368 16 368 0 2 0 5
150 -48 432 16 432 0 2 0 5
w -80 224 -80 288 0
w -80 352 -80 416 0
w -80 288 -80 352 0
w -80 224 -48 224 0
w -80 288 -48 288 0
w -80 352 -48 352 0
w -80 416 -48 416 0
s -304 416 -256 416 0 1 true
R -304 416 -320 416 0 0 40 5 0 0 0.5
w -256 416 -80 416 0
w -368 144 -368 448 0
w -368 448 -48 448 0
w -288 144 -288 384 0
w -288 384 -48 384 0
w -208 144 -208 320 0
w -208 320 -48 320 0
w -128 144 -128 256 0
w -128 256 -48 256 0
w 16 240 16 208 0
w 16 304 64 304 0
w 64 304 64 224 0
w 16 368 112 368 0
w 112 144 112 240 0
w 160 144 160 256 0
w 16 432 160 432 0
w 16 208 16 144 0
w 16 208 288 208 0
w 64 224 64 144 0
w 64 224 288 224 0
w 112 256 112 368 0
w 112 240 288 240 0
w 112 240 112 256 0
w 160 256 160 432 0
w 160 256 288 256 0
w 496 192 448 192 0
w 448 192 448 256 0
w 448 304 496 304 0
w 448 256 448 304 0
w 416 256 448 256 0
L 416 256 384 256 0 0 false 5 0
