$ 1 0.000005 10.20027730826997 50 5 50 5e-11
s -256 16 -192 16 0 0 false
s -144 16 -80 16 0 0 false
R -144 16 -160 16 0 0 40 5 0 0 0.5
R -256 16 -272 16 0 0 40 5 0 0 0.5
s -416 144 -368 144 0 0 false
s -336 144 -288 144 0 1 false
s -256 144 -208 144 0 1 false
s -176 144 -128 144 0 0 false
R -416 144 -432 144 0 0 40 5 0 0 0.5
R -336 144 -352 144 0 0 40 5 0 0 0.5
R -256 144 -272 144 0 0 40 5 0 0 0.5
R -176 144 -192 144 0 0 40 5 0 0 0.5
162 16 -240 48 -240 2 default-led 1 0 0 0.01
162 64 -240 96 -240 2 default-led 1 0 0 0.01
162 112 -240 144 -240 2 default-led 1 0 0 0.01
162 160 -240 192 -240 2 default-led 1 0 0 0.01
g 48 -240 48 -256 0 0
g 96 -240 96 -256 0 0
g 144 -240 144 -256 0 0
g 192 -240 192 -256 0 0
150 -48 240 16 240 0 2 0 5
150 -48 304 16 304 0 2 0 5
150 -48 368 16 368 0 2 0 5
150 -48 432 16 432 0 2 0 5
w -80 224 -80 288 0
w -80 352 -80 416 0
w -80 288 -80 352 0
w -80 224 -48 224 0
w -80 288 -48 288 0
w -80 352 -48 352 0
w -80 416 -48 416 0
w -208 320 -48 320 0
w -128 256 -48 256 0
w 16 240 16 224 0
w 16 304 64 304 0
w 64 304 64 288 0
w 16 368 112 368 0
w 112 144 112 240 0
w 160 144 160 256 0
w 16 432 160 432 0
w 16 208 16 144 0
w 64 224 64 144 0
w 112 256 112 352 0
w 112 240 112 256 0
w 160 256 160 416 0
150 704 160 768 160 0 2 0 5
150 704 224 768 224 0 2 0 5
152 784 144 848 144 0 2 0 5
I 784 224 832 224 0 0.5 5
150 864 160 928 160 0 2 0 5
w 768 160 784 160 0
w 768 224 784 224 0
w 832 224 848 224 0
w 848 224 864 224 0
w 864 224 864 176 0
w 848 144 864 144 0
w 928 160 944 160 0
w 944 160 944 96 0
w 944 96 768 96 0
w 768 96 768 128 0
w 768 128 784 128 0
w 704 144 656 144 0
w 704 176 656 176 0
I 656 208 704 208 0 0.5 5
w 704 240 656 240 0
w 656 176 640 176 0
w 656 240 640 240 0
w 640 240 640 176 0
w 656 208 656 144 0
w 656 144 640 144 0
w 640 176 624 176 0
w 640 144 624 144 0
w 640 352 624 352 0
w 640 384 624 384 0
w 656 352 640 352 0
w 656 416 656 352 0
w 640 448 640 384 0
w 656 448 640 448 0
w 656 384 640 384 0
w 704 448 656 448 0
I 656 416 704 416 0 0.5 5
w 704 384 656 384 0
w 704 352 656 352 0
w 768 336 784 336 0
w 768 304 768 336 0
w 944 304 768 304 0
w 944 368 944 304 0
w 928 368 944 368 0
w 848 352 864 352 0
w 864 432 864 384 0
w 848 432 864 432 0
w 832 432 848 432 0
w 768 432 784 432 0
w 768 368 784 368 0
150 864 368 928 368 0 2 0 5
I 784 432 832 432 0 0.5 5
152 784 352 848 352 0 2 0 5
150 704 432 768 432 0 2 0 5
150 704 368 768 368 0 2 0 5
w 1728 144 1712 144 0
w 1728 176 1712 176 0
w 1744 144 1728 144 0
w 1744 208 1744 144 0
w 1728 240 1728 176 0
w 1744 240 1728 240 0
w 1744 176 1728 176 0
w 1792 240 1744 240 0
I 1744 208 1792 208 0 0.5 5
w 1792 176 1744 176 0
w 1792 144 1744 144 0
w 1856 128 1872 128 0
w 1856 96 1856 128 0
w 2032 96 1856 96 0
w 2032 160 2032 96 0
w 2016 160 2032 160 0
w 1936 144 1952 144 0
w 1952 224 1952 176 0
w 1936 224 1952 224 0
w 1920 224 1936 224 0
w 1856 224 1872 224 0
w 1856 160 1872 160 0
150 1952 160 2016 160 0 2 0 5
I 1872 224 1920 224 0 0.5 5
152 1872 144 1936 144 0 2 0 5
150 1792 224 1856 224 0 2 0 5
150 1792 160 1856 160 0 2 0 5
w 1728 352 1712 352 0
w 1728 384 1712 384 0
w 1744 352 1728 352 0
w 1744 416 1744 352 0
w 1728 448 1728 384 0
w 1744 448 1728 448 0
w 1744 384 1728 384 0
w 1792 448 1744 448 0
I 1744 416 1792 416 0 0.5 5
w 1792 384 1744 384 0
w 1792 352 1744 352 0
w 1856 336 1872 336 0
w 1856 304 1856 336 0
w 2032 304 1856 304 0
w 2032 368 2032 304 0
w 2016 368 2032 368 0
w 1936 352 1952 352 0
w 1952 432 1952 384 0
w 1936 432 1952 432 0
w 1920 432 1936 432 0
w 1856 432 1872 432 0
w 1856 368 1872 368 0
150 1952 368 2016 368 0 2 0 5
I 1872 432 1920 432 0 0.5 5
152 1872 352 1936 352 0 2 0 5
150 1792 432 1856 432 0 2 0 5
150 1792 368 1856 368 0 2 0 5
150 1792 848 1856 848 0 2 0 5
150 1792 912 1856 912 0 2 0 5
152 1872 832 1936 832 0 2 0 5
I 1872 912 1920 912 0 0.5 5
150 1952 848 2016 848 0 2 0 5
w 1856 848 1872 848 0
w 1856 912 1872 912 0
w 1920 912 1936 912 0
w 1936 912 1952 912 0
w 1952 912 1952 864 0
w 1936 832 1952 832 0
w 2016 848 2032 848 0
w 2032 848 2032 784 0
w 2032 784 1856 784 0
w 1856 784 1856 816 0
w 1856 816 1872 816 0
w 1792 832 1744 832 0
w 1792 864 1744 864 0
I 1744 896 1792 896 0 0.5 5
w 1792 928 1744 928 0
w 1744 864 1728 864 0
w 1744 928 1728 928 0
w 1728 928 1728 864 0
w 1744 896 1744 832 0
w 1744 832 1728 832 0
w 1728 864 1712 864 0
w 1728 832 1712 832 0
150 1792 640 1856 640 0 2 0 5
150 1792 704 1856 704 0 2 0 5
152 1872 624 1936 624 0 2 0 5
I 1872 704 1920 704 0 0.5 5
150 1952 640 2016 640 0 2 0 5
w 1856 640 1872 640 0
w 1856 704 1872 704 0
w 1920 704 1936 704 0
w 1936 704 1952 704 0
w 1952 704 1952 656 0
w 1936 624 1952 624 0
w 2016 640 2032 640 0
w 2032 640 2032 576 0
w 2032 576 1856 576 0
w 1856 576 1856 608 0
w 1856 608 1872 608 0
w 1792 624 1744 624 0
w 1792 656 1744 656 0
I 1744 688 1792 688 0 0.5 5
w 1792 720 1744 720 0
w 1744 656 1728 656 0
w 1744 720 1728 720 0
w 1728 720 1728 656 0
w 1744 688 1744 624 0
w 1744 624 1728 624 0
w 1728 656 1712 656 0
w 1728 624 1712 624 0
150 704 848 768 848 0 2 0 5
150 704 912 768 912 0 2 0 5
152 784 832 848 832 0 2 0 5
I 784 912 832 912 0 0.5 5
150 864 848 928 848 0 2 0 5
w 768 848 784 848 0
w 768 912 784 912 0
w 832 912 848 912 0
w 848 912 864 912 0
w 864 912 864 864 0
w 848 832 864 832 0
w 928 848 944 848 0
w 944 848 944 784 0
w 944 784 768 784 0
w 768 784 768 816 0
w 768 816 784 816 0
w 704 832 656 832 0
w 704 864 656 864 0
I 656 896 704 896 0 0.5 5
w 704 928 656 928 0
w 656 864 640 864 0
w 656 928 640 928 0
w 640 928 640 864 0
w 656 896 656 832 0
w 656 832 640 832 0
w 640 864 624 864 0
w 640 832 624 832 0
w 640 624 624 624 0
w 640 656 624 656 0
w 656 624 640 624 0
w 656 688 656 624 0
w 640 720 640 656 0
w 656 720 640 720 0
w 656 656 640 656 0
w 704 720 656 720 0
I 656 688 704 688 0 0.5 5
w 704 656 656 656 0
w 704 624 656 624 0
w 768 608 784 608 0
w 768 576 768 608 0
w 944 576 768 576 0
w 944 640 944 576 0
w 928 640 944 640 0
w 848 624 864 624 0
w 864 704 864 656 0
w 848 704 864 704 0
w 832 704 848 704 0
w 768 704 784 704 0
w 768 640 784 640 0
150 864 640 928 640 0 2 0 5
I 784 704 832 704 0 0.5 5
152 784 624 848 624 0 2 0 5
150 704 704 768 704 0 2 0 5
150 704 640 768 640 0 2 0 5
150 1792 1312 1856 1312 0 2 0 5
150 1792 1376 1856 1376 0 2 0 5
152 1872 1296 1936 1296 0 2 0 5
I 1872 1376 1920 1376 0 0.5 5
150 1952 1312 2016 1312 0 2 0 5
w 1856 1312 1872 1312 0
w 1856 1376 1872 1376 0
w 1920 1376 1936 1376 0
w 1936 1376 1952 1376 0
w 1952 1376 1952 1328 0
w 1936 1296 1952 1296 0
w 2016 1312 2032 1312 0
w 2032 1312 2032 1248 0
w 2032 1248 1856 1248 0
w 1856 1248 1856 1280 0
w 1856 1280 1872 1280 0
w 1792 1296 1744 1296 0
w 1792 1328 1744 1328 0
I 1744 1360 1792 1360 0 0.5 5
w 1792 1392 1744 1392 0
w 1744 1328 1728 1328 0
w 1744 1392 1728 1392 0
w 1728 1392 1728 1328 0
w 1744 1360 1744 1296 0
w 1744 1296 1728 1296 0
w 1728 1328 1712 1328 0
w 1728 1296 1712 1296 0
150 1792 1104 1856 1104 0 2 0 5
150 1792 1168 1856 1168 0 2 0 5
152 1872 1088 1936 1088 0 2 0 5
I 1872 1168 1920 1168 0 0.5 5
150 1952 1104 2016 1104 0 2 0 5
w 1856 1104 1872 1104 0
w 1856 1168 1872 1168 0
w 1920 1168 1936 1168 0
w 1936 1168 1952 1168 0
w 1952 1168 1952 1120 0
w 1936 1088 1952 1088 0
w 2016 1104 2032 1104 0
w 2032 1104 2032 1040 0
w 2032 1040 1856 1040 0
w 1856 1040 1856 1072 0
w 1856 1072 1872 1072 0
w 1792 1088 1744 1088 0
w 1792 1120 1744 1120 0
I 1744 1152 1792 1152 0 0.5 5
w 1792 1184 1744 1184 0
w 1744 1120 1728 1120 0
w 1744 1184 1728 1184 0
w 1728 1184 1728 1120 0
w 1744 1152 1744 1088 0
w 1744 1088 1728 1088 0
w 1728 1120 1712 1120 0
w 1728 1088 1712 1088 0
150 704 1312 768 1312 0 2 0 5
150 704 1376 768 1376 0 2 0 5
152 784 1296 848 1296 0 2 0 5
I 784 1376 832 1376 0 0.5 5
150 864 1312 928 1312 0 2 0 5
w 768 1312 784 1312 0
w 768 1376 784 1376 0
w 832 1376 848 1376 0
w 848 1376 864 1376 0
w 864 1376 864 1328 0
w 848 1296 864 1296 0
w 928 1312 944 1312 0
w 944 1312 944 1248 0
w 944 1248 768 1248 0
w 768 1248 768 1280 0
w 768 1280 784 1280 0
w 704 1296 656 1296 0
w 704 1328 656 1328 0
I 656 1360 704 1360 0 0.5 5
w 704 1392 656 1392 0
w 656 1328 640 1328 0
w 656 1392 640 1392 0
w 640 1392 640 1328 0
w 656 1360 656 1296 0
w 656 1296 640 1296 0
w 640 1328 624 1328 0
w 640 1296 624 1296 0
w 640 1088 624 1088 0
w 640 1120 624 1120 0
w 656 1088 640 1088 0
w 656 1152 656 1088 0
w 640 1184 640 1120 0
w 656 1184 640 1184 0
w 656 1120 640 1120 0
w 704 1184 656 1184 0
I 656 1152 704 1152 0 0.5 5
w 704 1120 656 1120 0
w 704 1088 656 1088 0
w 768 1072 784 1072 0
w 768 1040 768 1072 0
w 944 1040 768 1040 0
w 944 1104 944 1040 0
w 928 1104 944 1104 0
w 848 1088 864 1088 0
w 864 1168 864 1120 0
w 848 1168 864 1168 0
w 832 1168 848 1168 0
w 768 1168 784 1168 0
w 768 1104 784 1104 0
150 864 1104 928 1104 0 2 0 5
I 784 1168 832 1168 0 0.5 5
152 784 1088 848 1088 0 2 0 5
150 704 1168 768 1168 0 2 0 5
150 704 1104 768 1104 0 2 0 5
150 1792 1760 1856 1760 0 2 0 5
150 1792 1824 1856 1824 0 2 0 5
152 1872 1744 1936 1744 0 2 0 5
I 1872 1824 1920 1824 0 0.5 5
150 1952 1760 2016 1760 0 2 0 5
w 1856 1760 1872 1760 0
w 1856 1824 1872 1824 0
w 1920 1824 1936 1824 0
w 1936 1824 1952 1824 0
w 1952 1824 1952 1776 0
w 1936 1744 1952 1744 0
w 2016 1760 2032 1760 0
w 2032 1760 2032 1696 0
w 2032 1696 1856 1696 0
w 1856 1696 1856 1728 0
w 1856 1728 1872 1728 0
w 1792 1744 1744 1744 0
w 1792 1776 1744 1776 0
I 1744 1808 1792 1808 0 0.5 5
w 1792 1840 1744 1840 0
w 1744 1776 1728 1776 0
w 1744 1840 1728 1840 0
w 1728 1840 1728 1776 0
w 1744 1808 1744 1744 0
w 1744 1744 1728 1744 0
w 1728 1776 1712 1776 0
w 1728 1744 1712 1744 0
150 1792 1552 1856 1552 0 2 0 5
150 1792 1616 1856 1616 0 2 0 5
152 1872 1536 1936 1536 0 2 0 5
I 1872 1616 1920 1616 0 0.5 5
150 1952 1552 2016 1552 0 2 0 5
w 1856 1552 1872 1552 0
w 1856 1616 1872 1616 0
w 1920 1616 1936 1616 0
w 1936 1616 1952 1616 0
w 1952 1616 1952 1568 0
w 1936 1536 1952 1536 0
w 2016 1552 2032 1552 0
w 2032 1552 2032 1488 0
w 2032 1488 1856 1488 0
w 1856 1488 1856 1520 0
w 1856 1520 1872 1520 0
w 1792 1536 1744 1536 0
w 1792 1568 1744 1568 0
I 1744 1600 1792 1600 0 0.5 5
w 1792 1632 1744 1632 0
w 1744 1568 1728 1568 0
w 1744 1632 1728 1632 0
w 1728 1632 1728 1568 0
w 1744 1600 1744 1536 0
w 1744 1536 1728 1536 0
w 1728 1568 1712 1568 0
w 1728 1536 1712 1536 0
150 704 1760 768 1760 0 2 0 5
150 704 1824 768 1824 0 2 0 5
152 784 1744 848 1744 0 2 0 5
I 784 1824 832 1824 0 0.5 5
150 864 1760 928 1760 0 2 0 5
w 768 1760 784 1760 0
w 768 1824 784 1824 0
w 832 1824 848 1824 0
w 848 1824 864 1824 0
w 864 1824 864 1776 0
w 848 1744 864 1744 0
w 928 1760 944 1760 0
w 944 1760 944 1696 0
w 944 1696 768 1696 0
w 768 1696 768 1728 0
w 768 1728 784 1728 0
w 704 1744 656 1744 0
w 704 1776 656 1776 0
I 656 1808 704 1808 0 0.5 5
w 704 1840 656 1840 0
w 656 1776 640 1776 0
w 656 1840 640 1840 0
w 640 1840 640 1776 0
w 656 1808 656 1744 0
w 656 1744 640 1744 0
w 640 1776 624 1776 0
w 640 1744 624 1744 0
w 640 1536 624 1536 0
w 640 1568 624 1568 0
w 656 1536 640 1536 0
w 656 1600 656 1536 0
w 640 1632 640 1568 0
w 656 1632 640 1632 0
w 656 1568 640 1568 0
w 704 1632 656 1632 0
I 656 1600 704 1600 0 0.5 5
w 704 1568 656 1568 0
w 704 1536 656 1536 0
w 768 1520 784 1520 0
w 768 1488 768 1520 0
w 944 1488 768 1488 0
w 944 1552 944 1488 0
w 928 1552 944 1552 0
w 848 1536 864 1536 0
w 864 1616 864 1568 0
w 848 1616 864 1616 0
w 832 1616 848 1616 0
w 768 1616 784 1616 0
w 768 1552 784 1552 0
150 864 1552 928 1552 0 2 0 5
I 784 1616 832 1616 0 0.5 5
152 784 1536 848 1536 0 2 0 5
150 704 1616 768 1616 0 2 0 5
150 704 1552 768 1552 0 2 0 5
s -256 96 -192 96 0 1 false
s -144 96 -80 96 0 1 false
R -144 96 -160 96 0 0 40 5 0 0 0.5
R -256 96 -272 96 0 0 40 5 0 0 0.5
w -80 96 -80 224 0
150 1648 176 1712 176 0 3 0 5
150 1648 384 1712 384 0 3 0 5
150 1648 656 1712 656 0 3 0 5
150 1648 864 1712 864 0 3 0 5
150 1648 1120 1712 1120 0 3 0 5
150 1648 1328 1712 1328 0 3 0 5
150 1648 1568 1712 1568 0 3 0 5
150 1648 1776 1712 1776 0 3 0 5
150 560 1776 624 1776 0 3 0 5
150 560 1568 624 1568 0 3 0 5
150 560 1328 624 1328 0 3 0 5
150 560 1120 624 1120 0 3 0 5
150 560 864 624 864 0 3 0 5
150 560 656 624 656 0 3 0 5
150 560 384 624 384 0 3 0 5
150 560 176 624 176 0 3 0 5
w -80 16 496 16 0
w 496 16 496 160 0
w -192 16 -192 0 0
w -192 0 480 0 0
w 480 0 480 192 0
w 496 160 528 160 0
w 480 192 480 400 0
w 480 192 528 192 0
w 496 160 496 368 0
w 496 640 528 640 0
w 496 640 496 848 0
w 496 1104 528 1104 0
w 496 1104 496 1312 0
w 496 1552 496 1760 0
w 496 1552 528 1552 0
x -286 -32 -53 -29 4 24 Direccion\sde\sMemoria
x -291 59 -90 62 4 24 Read/Write\sEnable
w 480 432 480 672 0
w 480 672 528 672 0
w 480 672 480 880 0
w 480 1136 528 1136 0
w 480 1136 480 1344 0
w 480 1584 528 1584 0
w 480 1584 480 1792 0
w 528 16 960 16 0
w 512 0 944 0 0
w 1568 0 1568 192 0
w 1568 192 1568 400 0
w 1568 400 1568 672 0
w 1568 672 1568 880 0
w 1568 880 1568 1136 0
w 1568 1136 1568 1344 0
w 1568 1344 1568 1584 0
w 1568 1584 1568 1792 0
w 1584 16 1584 160 0
w 1584 880 1584 1104 0
w 1584 160 1584 368 0
I 1600 160 1632 160 0 0.5 5
I 1600 640 1632 640 0 0.5 5
I 1600 1104 1632 1104 0 0.5 5
I 1600 1552 1632 1552 0 0.5 5
w 1584 160 1600 160 0
w 1584 368 1584 640 0
w 1584 640 1584 848 0
w 1584 640 1600 640 0
w 1584 1104 1584 1312 0
w 1584 1104 1600 1104 0
w 1584 1552 1584 1760 0
w 1584 1552 1600 1552 0
w 1568 1584 1632 1584 0
w 1568 1136 1632 1136 0
w 1568 672 1632 672 0
w 1568 192 1632 192 0
w 1632 160 1648 160 0
w 1632 192 1648 192 0
w 1632 640 1648 640 0
w 1632 672 1648 672 0
w 1632 1104 1648 1104 0
w 1632 1136 1648 1136 0
w 1632 1552 1648 1552 0
w 1632 1584 1648 1584 0
I 1600 368 1632 368 0 0.5 5
I 1600 400 1632 400 0 0.5 5
I 1600 880 1632 880 0 0.5 5
I 1600 848 1632 848 0 0.5 5
I 1600 1344 1632 1344 0 0.5 5
I 1600 1312 1632 1312 0 0.5 5
I 1600 1792 1632 1792 0 0.5 5
I 1600 1760 1632 1760 0 0.5 5
w 1568 1792 1568 1808 0
w 1584 1792 1584 1808 0
w 1584 1760 1584 1792 0
w 1584 1760 1600 1760 0
w 1568 1792 1600 1792 0
w 1568 1344 1600 1344 0
w 1584 1312 1584 1552 0
w 1584 1312 1600 1312 0
w 1568 880 1600 880 0
w 1584 848 1584 880 0
w 1584 848 1600 848 0
w 1568 400 1600 400 0
w 1584 368 1600 368 0
w 1632 368 1648 368 0
w 1632 400 1648 400 0
w 1632 848 1648 848 0
w 1632 880 1648 880 0
w 1632 1312 1648 1312 0
w 1632 1344 1648 1344 0
w 1632 1760 1648 1760 0
w 1632 1792 1648 1792 0
w 480 0 512 0 0
w 496 16 528 16 0
w 528 160 544 160 0
w 544 160 560 160 0
w 528 192 560 192 0
w 528 640 560 640 0
w 528 672 560 672 0
w 528 1104 560 1104 0
w 528 1136 560 1136 0
w 528 1552 560 1552 0
w 528 1584 560 1584 0
I 512 880 544 880 0 0.5 5
I 512 400 544 400 0 0.5 5
I 512 1344 544 1344 0 0.5 5
I 512 1792 544 1792 0 0.5 5
w 544 1792 560 1792 0
w 480 1792 480 1824 0
w 480 1792 512 1792 0
w 496 1760 496 1824 0
w 496 1760 560 1760 0
w 544 1344 560 1344 0
w 480 1344 480 1584 0
w 480 1344 512 1344 0
w 496 1312 496 1552 0
w 496 1312 560 1312 0
w 544 880 560 880 0
w 480 880 480 1136 0
w 480 880 512 880 0
w 496 848 496 1104 0
w 496 848 560 848 0
w 480 400 480 432 0
w 480 400 512 400 0
w 544 400 560 400 0
w 496 368 496 640 0
w 496 368 560 368 0
w -80 96 -64 96 0
w -64 96 -64 32 0
w -64 32 240 32 0
w 512 32 1024 32 0
w 464 32 512 32 0
w 464 32 464 176 0
w 464 176 560 176 0
w 464 176 464 384 0
w 464 384 560 384 0
w 464 384 464 656 0
w 464 656 560 656 0
w 464 656 464 864 0
w 464 864 560 864 0
w 464 864 464 1120 0
w 464 1120 560 1120 0
w 464 1120 464 1328 0
w 464 1328 560 1328 0
w 464 1328 464 1568 0
w 464 1568 560 1568 0
w 464 1568 464 1776 0
w 464 1776 560 1776 0
w 1552 32 1552 176 0
w 1552 176 1648 176 0
w 1552 176 1552 384 0
w 1552 384 1648 384 0
w 1552 384 1552 656 0
w 1552 656 1648 656 0
w 1552 656 1552 864 0
w 1552 864 1648 864 0
w 1552 864 1552 1120 0
w 1552 1120 1648 1120 0
w 1552 1120 1552 1328 0
w 1552 1328 1648 1328 0
w 1552 1328 1552 1568 0
w 1552 1568 1648 1568 0
w 1552 1568 1552 1776 0
w 1552 1776 1648 1776 0
w 448 144 624 144 0
w 1040 0 1088 0 0
w 1056 16 1104 16 0
w 1024 32 1072 32 0
w 1088 0 1280 0 0
w 1104 16 1296 16 0
w 1072 32 1264 32 0
w 448 144 448 352 0
w 448 352 624 352 0
w 448 144 448 -16 0
w 448 -16 1232 -16 0
w 1520 144 1712 144 0
w 1520 352 1712 352 0
w 432 624 624 624 0
w 432 544 432 624 0
w 432 544 1248 544 0
w 1536 624 1712 624 0
w 1536 832 1712 832 0
w 432 624 432 832 0
w 432 832 624 832 0
w 448 960 448 992 0
w 448 1088 624 1088 0
w 448 992 448 1088 0
w 448 992 1248 992 0
w 1536 1088 1712 1088 0
w 448 1088 448 1296 0
w 448 1296 624 1296 0
w 1536 1296 1712 1296 0
w 448 1328 448 1440 0
w 448 1536 624 1536 0
w 448 1536 448 1744 0
w 448 1744 624 1744 0
w 448 1488 448 1536 0
w 448 1440 448 1488 0
w 448 1440 1248 1440 0
w 1536 1536 1712 1536 0
w 1536 1744 1712 1744 0
w -368 144 -368 256 0
w -368 256 -128 256 0
w -288 144 -288 320 0
w -288 320 -208 320 0
w -208 144 -208 384 0
w -208 384 -48 384 0
w -128 144 -128 448 0
w -112 448 -48 448 0
w -128 448 -112 448 0
w 448 960 448 848 0
w 416 848 448 848 0
w 400 864 432 864 0
w 432 864 432 1312 0
w 432 1312 448 1312 0
w 448 1312 448 1328 0
w 448 144 416 144 0
w 416 144 416 192 0
w 16 224 16 208 0
w 16 224 256 224 0
w 64 288 64 224 0
w 64 288 256 288 0
w 112 352 112 368 0
w 112 352 256 352 0
w 160 416 160 432 0
w 160 416 256 416 0
w 240 32 464 32 0
w 240 32 240 192 0
w 240 192 240 256 0
w 240 256 240 320 0
w 240 320 240 384 0
w 416 208 416 192 0
w 432 272 432 544 0
w 416 336 416 848 0
w 400 400 400 864 0
150 2224 144 2288 144 0 4 0 5
150 2224 352 2288 352 0 4 0 5
150 2224 624 2288 624 0 4 0 5
150 1120 144 1184 144 0 4 0 5
150 1120 352 1184 352 0 4 0 5
150 1120 624 1184 624 0 4 0 5
150 1120 832 1184 832 0 4 0 5
150 2224 832 2288 832 0 4 0 5
150 1120 1088 1184 1088 0 4 0 5
150 1120 1296 1184 1296 0 4 0 5
150 1120 1536 1184 1536 0 4 0 5
150 1120 1744 1184 1744 0 4 0 5
150 2224 1088 2288 1088 0 4 0 5
150 2224 1296 2288 1296 0 4 0 5
150 2224 1536 2288 1536 0 4 0 5
150 2224 1744 2288 1744 0 4 0 5
w -192 96 -192 64 0
w -192 64 -48 64 0
w -48 64 -48 48 0
w -48 48 976 48 0
w 1104 112 1104 176 0
w 1104 176 1120 176 0
w 1104 384 1120 384 0
w 1104 384 1104 656 0
w 1104 656 1120 656 0
w 1104 656 1104 864 0
w 1104 864 1120 864 0
w 1104 864 1104 1120 0
w 1104 1120 1120 1120 0
w 1104 1120 1104 1328 0
w 1104 1328 1120 1328 0
w 1104 1328 1104 1568 0
w 1104 1568 1120 1568 0
w 1104 1568 1104 1776 0
w 976 48 992 48 0
w 2208 48 2208 176 0
w 2208 176 2224 176 0
w 2208 176 2208 384 0
w 2208 384 2224 384 0
w 2208 384 2208 656 0
w 2208 656 2224 656 0
w 2208 656 2208 864 0
w 2208 864 2224 864 0
w 2208 864 2208 1120 0
w 2208 1120 2224 1120 0
w 2208 1120 2208 1328 0
w 2208 1328 2224 1328 0
w 2208 1328 2208 1568 0
w 2208 1568 2224 1568 0
w 2208 1568 2208 1776 0
w 2208 1776 2224 1776 0
w 2176 1760 2224 1760 0
w 2176 1552 2224 1552 0
w 2176 1312 2224 1312 0
w 2176 1104 2224 1104 0
w 2176 848 2224 848 0
w 2176 640 2224 640 0
w 2176 368 2224 368 0
w 2176 160 2224 160 0
w 1056 160 1120 160 0
w 1056 368 1120 368 0
w 1056 640 1120 640 0
w 1056 848 1120 848 0
w 1056 1104 1120 1104 0
w 1056 1312 1120 1312 0
w 1056 1552 1120 1552 0
w 1056 1760 1120 1760 0
w 960 16 976 16 0
w 944 0 960 0 0
w 992 48 1104 48 0
w 960 0 1040 0 0
w 1104 176 1104 384 0
w 1104 112 1104 48 0
w 1280 0 1568 0 0
w 1296 16 1584 16 0
w 1264 32 1552 32 0
w 1232 -16 1520 -16 0
w 1520 -16 1520 144 0
w 1520 144 1520 352 0
w 1248 544 1536 544 0
w 1536 544 1536 624 0
w 1536 624 1536 832 0
w 1248 992 1536 992 0
w 1536 992 1536 1072 0
w 1536 1072 1536 1088 0
w 1536 1088 1536 1296 0
w 1248 1440 1536 1440 0
w 1536 1440 1536 1536 0
w 1536 1536 1536 1744 0
w 944 1552 1056 1552 0
w 1104 1776 1120 1776 0
w 944 1760 1056 1760 0
w 944 1312 1056 1312 0
w 944 1104 1056 1104 0
w 944 848 1056 848 0
w 944 640 1056 640 0
w 944 368 1056 368 0
w 944 160 1056 160 0
150 256 208 320 208 0 2 0 5
150 256 272 320 272 0 2 0 5
150 256 336 320 336 0 2 0 5
150 256 400 320 400 0 2 0 5
w 240 384 256 384 0
w 256 320 240 320 0
w 256 256 240 256 0
w 256 192 240 192 0
w 320 208 416 208 0
w 320 272 432 272 0
w 320 336 416 336 0
w 320 400 400 400 0
w 1776 48 2064 48 0
I 1072 336 1120 336 0 0.5 5
w 2064 48 2208 48 0
w 2032 160 2176 160 0
w 2032 368 2176 368 0
w 2032 640 2176 640 0
w 2032 848 2176 848 0
w 2032 1104 2176 1104 0
w 2032 1312 2176 1312 0
w 2032 1552 2176 1552 0
w 2032 1760 2176 1760 0
I 2176 336 2224 336 0 0.5 5
I 2176 320 2224 320 0 0.5 5
I 2176 112 2224 112 0 0.5 5
I 2176 592 2224 592 0 0.5 5
I 2176 816 2224 816 0 0.5 5
I 2176 1056 2224 1056 0 0.5 5
I 2176 800 2224 800 0 0.5 5
I 2176 1264 2224 1264 0 0.5 5
I 2176 1504 2224 1504 0 0.5 5
I 2176 1520 2224 1520 0 0.5 5
I 2176 1712 2224 1712 0 0.5 5
I 1072 1728 1120 1728 0 0.5 5
I 1072 1280 1120 1280 0 0.5 5
I 1072 816 1120 816 0 0.5 5
w 1104 48 1776 48 0
w 1072 336 1056 336 0
w 1040 336 1056 336 0
w 1040 112 1040 128 0
w 1040 608 1120 608 0
w 1040 608 1040 816 0
w 1040 816 1072 816 0
w 1040 816 1040 1056 0
w 1040 1056 1040 1072 0
w 1040 1072 1120 1072 0
w 1040 1072 1040 1280 0
w 1040 1280 1056 1280 0
w 1056 1280 1072 1280 0
w 1040 1280 1040 1520 0
w 1040 1520 1120 1520 0
w 1040 1520 1040 1728 0
w 1040 1728 1072 1728 0
w 1040 336 1040 608 0
w 976 16 1056 16 0
w 1040 0 1040 112 0
w 2128 512 2128 592 0
w 2128 1248 2128 1264 0
w 2128 1712 2128 1728 0
w 2128 1728 2224 1728 0
w 2128 1520 2128 1712 0
w 2128 1520 2176 1520 0
w 2128 1264 2128 1280 0
w 2128 1056 2128 1072 0
w 2128 816 2128 1056 0
w 2128 816 2176 816 0
w 2128 592 2128 608 0
w 2128 336 2128 512 0
w 2128 336 2176 336 0
w 2128 112 2128 128 0
w 2128 624 2128 816 0
w 2128 608 2128 624 0
w 2128 608 2224 608 0
w 2128 1072 2128 1248 0
w 2128 1072 2224 1072 0
I 2176 1280 2224 1280 0 0.5 5
w 2128 1280 2176 1280 0
w 2128 1280 2128 1520 0
w 2128 128 2128 336 0
w 2128 128 2224 128 0
w 1568 0 2128 0 0
w 2128 0 2128 112 0
w 1040 128 1040 336 0
w 1040 128 1120 128 0
w 1056 16 1056 112 0
w 1056 112 1120 112 0
w 1056 112 1056 320 0
w 1056 320 1120 320 0
w 1056 320 1056 592 0
w 1056 592 1120 592 0
w 1056 592 1056 800 0
w 1056 800 1120 800 0
w 1056 800 1056 1056 0
w 1056 1056 1120 1056 0
w 1056 1056 1056 1264 0
w 1056 1264 1120 1264 0
w 1056 1264 1056 1504 0
w 1056 1504 1120 1504 0
w 1056 1504 1056 1712 0
w 1056 1712 1120 1712 0
w 1584 16 2144 16 0
w 2144 16 2144 112 0
w 2144 112 2176 112 0
w 2144 112 2144 320 0
w 2144 320 2176 320 0
w 2144 320 2144 592 0
w 2144 592 2176 592 0
w 2144 592 2144 800 0
w 2144 800 2176 800 0
w 2144 800 2144 1056 0
w 2144 1056 2176 1056 0
w 2144 1056 2144 1264 0
w 2144 1264 2176 1264 0
w 2144 1264 2144 1504 0
w 2144 1504 2176 1504 0
w 2144 1504 2144 1712 0
w 2144 1712 2176 1712 0
w 16 144 16 -208 0
w 64 144 64 -192 0
w 112 144 112 -160 0
w 160 144 160 -160 0
w 16 -208 16 -240 0
w 16 -208 1216 -208 0
w 1584 -208 2304 -208 0
w 2304 -208 2320 -208 0
w 2288 144 2320 144 0
w 2320 144 2320 -208 0
w 2320 144 2320 352 0
w 2320 352 2288 352 0
w 1184 144 1216 144 0
w 1216 144 1216 -208 0
w 1216 -208 1584 -208 0
w 1184 352 1216 352 0
w 1216 352 1216 144 0
w 64 -192 64 -240 0
w 64 -192 1232 -192 0
w 1312 -192 2336 -192 0
w 1232 -192 1312 -192 0
w 1232 -192 1232 624 0
w 1184 624 1232 624 0
w 1232 624 1232 832 0
w 1232 832 1184 832 0
w 2336 -192 2336 624 0
w 2336 624 2288 624 0
w 2336 624 2336 832 0
w 2336 832 2288 832 0
w 112 -160 112 -176 0
w 112 -176 112 -240 0
w 112 -176 1248 -176 0
w 1888 -176 2352 -176 0
w 1248 -176 1888 -176 0
w 1248 -176 1248 688 0
w 1248 688 1248 1088 0
w 1184 1088 1248 1088 0
w 1184 1296 1248 1296 0
w 1248 1296 1248 1088 0
w 2352 -176 2352 1088 0
w 2288 1088 2352 1088 0
w 2352 1088 2352 1296 0
w 2288 1296 2352 1296 0
w 160 -160 160 -240 0
w 160 -160 1264 -160 0
w 1424 -160 2368 -160 0
w 1280 -160 1424 -160 0
w 1264 -160 1280 -160 0
w 1264 -160 1264 400 0
w 1264 400 1264 1536 0
w 1184 1536 1264 1536 0
w 1264 1536 1264 1744 0
w 1184 1744 1264 1744 0
w 2368 -160 2368 1536 0
w 2288 1536 2368 1536 0
w 2368 1536 2368 1744 0
w 2288 1744 2368 1744 0
